begin.
-1.01325 1.00049
-0.977675 1.001
-1.58334 0.987112
-0.881556 0.991093
-1.67254 0.883943
-1.21473 0.79774
-0.601794 0.795161
-0.597539 0.891257
-0.596218 0.94786
-0.593881 0.997131
-0.592263 0.999716
-0.589999 0.999808
-0.588273 0.999825
-0.586123 0.999822
-0.584326 0.999793
-0.582208 0.999754
-0.580276 0.999768
-0.578267 0.999767
-0.576278 0.999753
-0.5743 0.999738
-0.572228 0.999761
-0.570334 0.999772
-0.568238 0.999795
-0.566392 0.999803
-0.564313 0.99976
-0.5624 0.999709
-0.560262 0.999716
-0.558365 0.999698
-0.556218 0.999603
-0.554174 0.999502
-0.551968 0.999344
-0.549664 0.999244
-0.547381 0.999171
-0.544978 0.999084
-0.542553 0.999012
-0.540043 0.999006
-0.537595 0.999056
-0.535218 0.999014
-0.532648 0.999073
-0.530393 0.999072
-0.52784 0.999058
-0.525521 0.999075
-0.523039 0.998982
-0.52053 0.999039
-0.518168 0.99901
-0.515626 0.998917
-0.513064 0.998999
-0.510697 0.998931
-0.507996 0.998892
-0.505535 0.998956
-0.503006 0.998852
-0.500313 0.998928
-0.497944 0.998878
-0.495139 0.998836
-0.492683 0.998952
-0.490128 0.998868
-0.487515 0.998913
-0.485048 0.998879
-0.482368 0.99885
-0.479836 0.99888
-0.477208 0.998867
-0.474676 0.998844
-0.472001 0.998843
-0.469467 0.998815
-0.466738 0.99882
-0.464199 0.998864
-0.461571 0.99878
-0.458866 0.998872
-0.456399 0.998889
-0.453745 0.998829
-0.451131 0.998928
-0.448697 0.998868
-0.445953 0.998845
-0.443457 0.998874
-0.440797 0.998818
-0.438167 0.998932
-0.435731 0.998857
-0.432968 0.998856
-0.430495 0.998907
-0.427869 0.998817
-0.425176 0.998919
-0.422756 0.998826
-0.419894 0.998825
-0.417439 0.998834
-0.41462 0.998735
-0.411945 0.998828
-0.409308 0.998761
-0.406518 0.998763
-0.403867 0.998772
-0.401121 0.998736
-0.398418 0.998784
-0.39576 0.998749
-0.392984 0.998752
-0.390336 0.998794
-0.387657 0.998771
-0.384963 0.99873
-0.382228 0.998756
-0.379552 0.998784
-0.376885 0.998749
-0.374155 0.998774
-0.371528 0.998755
-0.36878 0.998734
-0.36608 0.998755
-0.363385 0.998713
-0.360602 0.998755
-0.357976 0.998776
-0.355253 0.99873
-0.352534 0.99875
-0.349849 0.998716
-0.347068 0.99871
-0.344351 0.998749
-0.341662 0.998696
-0.338819 0.99873
-0.33619 0.998759
-0.333438 0.998711
-0.330704 0.99876
-0.328048 0.998689
-0.325166 0.998699
-0.322501 0.998731
-0.319711 0.998695
-0.316952 0.99873
-0.314236 0.998661
-0.311359 0.998668
-0.308631 0.998763
-0.30595 0.998689
-0.303061 0.998747
-0.300469 0.998758
-0.297637 0.998694
-0.294907 0.998706
-0.292098 0.998572
-0.289084 0.998663
-0.286435 0.998696
-0.283504 0.998597
-0.280646 0.998689
-0.277923 0.998671
-0.275058 0.998635
-0.272234 0.998634
-0.269399 0.998626
-0.266532 0.998629
-0.263713 0.998647
-0.260907 0.998606
-0.25798 0.998643
-0.255233 0.998639
-0.252327 0.998626
-0.249543 0.998658
-0.246699 0.998595
-0.243822 0.998619
-0.240991 0.998651
-0.238186 0.998618
-0.235286 0.998634
-0.232521 0.998626
-0.229615 0.9986
-0.226787 0.998647
-0.223977 0.998611
-0.22109 0.998626
-0.218288 0.998634
-0.215433 0.99858
-0.212505 0.998629
-0.209751 0.998633
-0.206847 0.998582
-0.203981 0.99863
-0.201167 0.998626
-0.198305 0.998653
-0.195539 0.998637
-0.192661 0.998573
-0.189746 0.998578
-0.186875 0.998544
-0.183883 0.998548
-0.181014 0.99858
-0.178097 0.99851
-0.175082 0.998562
-0.172255 0.998596
-0.16934 0.998541
-0.166386 0.998564
-0.163519 0.998543
-0.160524 0.998554
-0.157673 0.998638
-0.154863 0.998586
-0.151919 0.998583
-0.149083 0.998598
-0.146185 0.998562
-0.143267 0.998581
-0.140409 0.998541
-0.137408 0.998537
-0.134532 0.998628
-0.13173 0.998616
-0.12885 0.998644
-0.126094 0.99867
-0.123285 0.998563
-0.120254 0.998294
-0.116717 0.99802
-0.112992 0.998127
-0.109812 0.99836
-0.106659 0.998168
-0.102854 0.997996
-0.0993177 0.998286
-0.0963343 0.998346
-0.0928704 0.998078
-0.0891684 0.998167
-0.0859931 0.998303
-0.0826566 0.998142
-0.079 0.998161
-0.0757747 0.998361
-0.0726517 0.998243
-0.0689964 0.998043
-0.0653556 0.998237
-0.0623009 0.998451
-0.0591527 0.998215
-0.0553454 0.998051
-0.0518573 0.998374
-0.048948 0.998446
-0.0455276 0.998121
-0.0417211 0.998205
-0.0386074 0.998501
-0.0355863 0.998338
-0.0319259 0.998126
-0.0284052 0.998325
-0.0253374 0.998408
-0.021954 0.998201
-0.0182902 0.998218
-0.0150392 0.998413
-0.0118813 0.998323
-0.00831083 0.998174
-0.00480792 0.998313
-0.00163716 0.998369
0.00176955 0.998208
0.00537789 0.998244
0.00864846 0.998368
0.0119321 0.998268
0.0155096 0.99823
0.0188544 0.998359
0.0220742 0.998306
0.0256096 0.998209
0.0290674 0.998301
0.0323223 0.998311
0.0357858 0.998235
0.039241 0.998297
0.0425091 0.998318
0.0459295 0.998252
0.0493791 0.99829
0.0526663 0.998317
0.0560591 0.998265
0.0594929 0.998285
0.0628065 0.998301
0.0662085 0.99826
0.0696335 0.998288
0.0729333 0.998316
0.0762988 0.998273
0.0797215 0.998265
0.0830876 0.998265
0.0865203 0.998237
0.089961 0.998259
0.0933133 0.99829
0.0966725 0.998306
0.0999797 0.998328
0.103278 0.998292
0.106695 0.998256
0.110077 0.998277
0.113426 0.998275
0.116818 0.998276
0.120156 0.99827
0.123571 0.99824
0.126981 0.998286
0.130252 0.998323
0.133576 0.998297
0.136921 0.998257
0.140353 0.998213
0.143807 0.998268
0.147074 0.99829
0.150487 0.998226
0.153922 0.998273
0.157191 0.998307
0.160538 0.998292
0.163848 0.998276
0.167244 0.998236
0.170651 0.998258
0.17398 0.998249
0.177423 0.998241
0.180755 0.998269
0.184126 0.998259
0.187478 0.998304
0.190719 0.998314
0.194063 0.998265
0.197434 0.998219
0.200902 0.998197
0.204319 0.998219
0.207719 0.998218
0.211141 0.998201
0.214589 0.998215
0.217948 0.998326
0.221096 0.998368
0.224372 0.9983
0.227703 0.998194
0.231289 0.998116
0.234811 0.998201
0.23813 0.998263
0.24149 0.998336
0.244614 0.998401
0.247824 0.998315
0.251188 0.998213
0.254665 0.998182
0.258083 0.998275
0.261301 0.998248
0.264869 0.998034
0.268735 0.998179
0.271823 0.998519
0.274801 0.998442
0.27817 0.998266
0.28157 0.998201
0.285097 0.99831
0.288189 0.998453
0.291386 0.998252
0.295092 0.998173
0.298441 0.9983
0.301784 0.998372
0.304937 0.998393
0.308295 0.998359
0.311562 0.998485
0.31475 0.998937
0.31876 1.00357
0.322718 0.18584
0.327512 0.188731
0.33299 0.189075
0.337687 0.188991
0.342238 0.189029
0.346024 0.18934
0.348566 0.189433
0.351831 0.189562
0.354091 0.189211
0.359824 0.188919
0.362659 0.188753
0.366917 0.189153
0.368545 0.189261
0.37264 0.18899
0.375169 0.188718
0.380342 0.188756
0.382584 0.188781
0.386221 0.189001
0.388022 0.188924
0.392563 0.188243
0.395812 0.188064
0.400627 0.18787
0.411085 0.187985
0.403485 0.188286
0.415064 0.188732
0.407014 0.187767
0.41642 0.18834
0.420065 0.187469
0.427946 0.188548
0.425889 0.188302
0.430673 0.188292
0.434249 0.187534
0.438664 0.186863
0.443647 0.186676
0.446405 0.187027
0.448524 0.187482
0.455778 0.186904
0.451014 0.186972
0.45884 0.186732
0.462962 0.18719
0.464826 0.187225
0.469083 0.187185
0.471278 0.187167
0.478751 0.186774
0.476315 0.187017
0.48286 0.186697
0.484818 0.186823
0.492196 0.186179
0.48876 0.186146
0.49506 0.185957
0.506152 0.186747
0.513909 0.186652
0.498506 0.185528
0.516322 0.18652
0.502508 0.186057
0.509174 0.18599
0.524024 0.18595
0.520697 0.185374
0.528278 0.185336
0.535984 0.185482
0.537927 0.185838
0.540729 0.185163
0.531552 0.185417
0.5499 0.184945
0.554627 0.185127
0.544328 0.184529
0.55991 0.185863
0.562464 0.185713
0.557105 0.186177
0.565258 0.185093
0.571835 0.185289
0.569717 0.18515
0.583629 0.186777
0.57942 0.185635
0.588801 0.185319
0.57724 0.184705
0.585146 0.185423
0.592746 0.184033
0.596711 0.184141
0.599817 0.182093
end.
