begin.
-0.651076 1.00061
-0.602587 1.00218
-0.599209 1.00457
-0.597381 1.004
-0.595427 1.00174
-0.593652 1.00022
-0.591614 0.999951
-0.589885 0.999943
-0.587778 0.999938
-0.586106 0.999929
-0.583938 0.99992
-0.582301 0.999915
-0.580086 0.99992
-0.578488 0.999923
-0.576257 0.999922
-0.574669 0.999916
-0.572431 0.999914
-0.570829 0.999922
-0.568612 0.999926
-0.567008 0.999922
-0.56479 0.999918
-0.563187 0.999913
-0.560949 0.999925
-0.559356 0.999941
-0.557163 0.999931
-0.555533 0.99992
-0.553337 0.999922
-0.551714 0.999921
-0.549511 0.999922
-0.547884 0.999931
-0.545703 0.999932
-0.544068 0.999939
-0.541879 0.999956
-0.540293 0.999958
-0.538079 0.999952
-0.536505 0.999936
-0.534282 0.999913
-0.532662 0.999895
-0.530453 0.999903
-0.52877 0.999927
-0.526699 0.999934
-0.524884 0.999938
-0.522966 0.999932
-0.521003 0.999919
-0.519204 0.999905
-0.517107 0.999899
-0.515405 0.999895
-0.513218 0.9999
-0.511585 0.999903
-0.50937 0.999895
-0.507737 0.9999
-0.505517 0.99991
-0.503915 0.999911
-0.50167 0.99992
-0.500094 0.999921
-0.497858 0.999913
-0.496238 0.99992
-0.494054 0.999918
-0.492404 0.999908
-0.490217 0.99991
-0.488566 0.999918
-0.486391 0.999915
-0.48474 0.999916
-0.482545 0.99992
-0.48095 0.999905
-0.478668 0.999923
-0.477131 0.999946
-0.474886 0.999933
-0.473305 0.999909
-0.471074 0.999891
-0.469432 0.999889
-0.467238 0.999902
-0.465549 0.99994
-0.463463 0.999946
-0.461748 0.999922
-0.459634 0.999925
-0.457925 0.999932
-0.455834 0.999944
-0.454082 0.999975
-0.452096 0.999987
-0.4503 0.999981
-0.448341 0.999977
-0.446528 0.999963
-0.444562 0.999955
-0.442727 0.999953
-0.44078 0.999954
-0.438919 0.99996
-0.437004 0.999968
-0.435128 0.999976
-0.433237 0.999985
-0.431359 0.99999
-0.42948 0.999994
-0.427604 0.999994
-0.425726 0.999993
-0.423847 0.999989
-0.421967 0.999986
-0.420085 0.999983
-0.418201 0.999981
-0.416317 0.99998
-0.414432 0.99998
-0.412548 0.999981
-0.410665 0.999983
-0.408782 0.999985
-0.4069 0.999987
-0.40502 0.999989
-0.40314 0.999991
-0.401261 0.999993
-0.399383 0.999995
-0.397506 0.999996
-0.395629 0.999997
-0.393753 0.999998
-0.391877 0.999998
-0.390001 0.999999
-0.388126 0.999999
-0.386251 0.999999
-0.384375 1
-0.3825 1
-0.380625 1
-0.37875 1
-0.376875 1
-0.375 1
-0.373125 1
-0.37125 1
-0.369375 1
-0.3675 1
-0.365625 1
-0.36375 1
-0.361875 1
-0.36 1
-0.358125 1
-0.35625 1
-0.354375 1
-0.3525 1
-0.350625 1
-0.34875 1
-0.346875 1
-0.345 1
-0.343125 1
-0.34125 1
-0.339375 1
-0.3375 1
-0.335625 1
-0.33375 1
-0.331875 1
-0.33 1
-0.328125 1
-0.32625 1
-0.324375 1
-0.3225 1
-0.320625 1
-0.31875 1
-0.316875 1
-0.315 1
-0.313125 1
-0.31125 1
-0.309375 1
-0.3075 1
-0.305625 1
-0.30375 1
-0.301875 1
-0.3 1
-0.298125 1
-0.29625 1
-0.294375 1
-0.2925 1
-0.290625 1
-0.28875 1
-0.286875 1
-0.285 1
-0.283125 1
-0.28125 1
-0.279375 1
-0.2775 1
-0.275625 1
-0.27375 1
-0.271875 1
-0.27 1
-0.268125 1
-0.26625 1
-0.264375 1
-0.2625 1
-0.260625 1
-0.25875 1
-0.256875 1
-0.255 1
-0.253125 1
-0.25125 1
-0.249375 1
-0.2475 1
-0.245625 1
-0.24375 1
-0.241875 1
-0.24 1
-0.238125 1
-0.23625 1
-0.234375 1
-0.2325 1
-0.230625 1
-0.22875 1
-0.226875 1
-0.225 1
-0.223125 1
-0.22125 1
-0.219375 1
-0.2175 1
-0.215625 1
-0.21375 1
-0.211875 1
-0.21 1
-0.208125 1
-0.20625 0.999999
-0.204374 0.999998
-0.202498 0.999997
-0.200621 0.999995
-0.198743 0.999993
-0.196864 0.99999
-0.194984 0.999986
-0.193101 0.999982
-0.191217 0.999977
-0.18933 0.999971
-0.187439 0.999965
-0.185546 0.999958
-0.183647 0.99995
-0.181751 0.999943
-0.179839 0.999935
-0.177945 0.999926
-0.176011 0.999917
-0.174127 0.999903
-0.172157 0.999881
-0.170273 0.999816
-0.168237 0.999691
-0.166193 0.999522
-0.163974 0.999309
-0.161636 0.999149
-0.159225 0.999041
-0.156744 0.998974
-0.154233 0.998951
-0.151723 0.998933
-0.149187 0.998917
-0.146646 0.998914
-0.144109 0.998903
-0.141549 0.998889
-0.138985 0.998885
-0.136419 0.998871
-0.133828 0.998857
-0.131235 0.998851
-0.128635 0.998835
-0.126012 0.998823
-0.123388 0.998817
-0.120754 0.998801
-0.118099 0.998791
-0.115445 0.998784
-0.112777 0.998769
-0.110093 0.998762
-0.107411 0.998754
-0.104712 0.998741
-0.102002 0.998736
-0.0992932 0.998727
-0.0965659 0.998716
-0.0938328 0.998713
-0.0910982 0.998703
-0.0883451 0.998694
-0.0855916 0.998691
-0.0828321 0.998681
-0.0800567 0.998676
-0.0772844 0.998672
-0.0745014 0.998662
-0.0717076 0.998659
-0.068918 0.998654
-0.0661141 0.998646
-0.0633071 0.998646
-0.0605028 0.998641
-0.0576853 0.998638
-0.0548747 0.998642
-0.0520658 0.99864
-0.0492517 0.998645
-0.0464519 0.998648
-0.0436463 0.998649
-0.0408399 0.998557
-0.0377917 0.998237
-0.0341265 0.99803
-0.0306055 0.998303
-0.0277062 0.998511
-0.0246319 0.998227
-0.0209045 0.99803
-0.0173926 0.998299
-0.0144323 0.998437
-0.0111911 0.998178
-0.00750187 0.998122
-0.00419751 0.99834
-0.00109605 0.998293
0.00241219 0.998139
0.00587927 0.998259
0.00903764 0.998309
0.0124134 0.998188
0.0158906 0.998229
0.0191239 0.99828
0.022486 0.998199
0.0259417 0.998225
0.0292065 0.998255
0.0326002 0.998207
0.0359866 0.998249
0.0392564 0.998237
0.0426919 0.998218
0.0460002 0.998247
0.0493554 0.998209
0.0527722 0.998239
0.0560419 0.998235
0.0594768 0.998217
0.0627789 0.998242
0.0661737 0.998211
0.0695388 0.99824
0.072853 0.998239
0.0762448 0.998236
0.0795717 0.998225
0.0829707 0.998247
0.086277 0.998255
0.0896786 0.9983
0.0929364 0.998384
0.0966881 1.00011
0.0999753 0.181237
0.106198 0.182603
0.109515 0.182633
0.115979 0.182558
0.119293 0.182479
0.125763 0.18239
0.129091 0.182311
0.135612 0.182247
0.138919 0.182165
0.145345 0.182077
0.148663 0.181998
0.155044 0.181899
0.158392 0.181821
0.165043 0.18177
0.168351 0.18169
0.174911 0.181611
0.178245 0.18153
0.184336 0.181406
0.187709 0.181327
0.194062 0.181226
0.197491 0.181149
0.204539 0.181132
0.207991 0.181048
0.213977 0.180959
0.2173 0.180881
0.223133 0.180679
0.226796 0.180606
0.233688 0.180667
0.236994 0.180593
0.243619 0.180517
0.246983 0.180445
0.252884 0.1803
0.256331 0.180225
0.263622 0.180023
0.270064 0.180144
0.273479 0.180058
0.280749 0.179952
0.284837 0.179866
0.290392 0.179817
0.294268 0.179726
0.3 0.1795
0.3075 0.1795
0.315 0.1795
0.3225 0.1795
0.33 0.1795
0.3375 0.1795
0.345 0.1795
0.3525 0.1795
0.36 0.1795
0.3675 0.1795
0.375 0.1795
0.3825 0.1795
0.39 0.1795
0.3975 0.1795
0.405 0.1795
0.4125 0.1795
0.42 0.1795
0.4275 0.1795
0.435 0.1795
0.4425 0.1795
0.45 0.1795
0.4575 0.1795
0.465 0.1795
0.4725 0.1795
0.48 0.1795
0.4875 0.1795
0.495 0.1795
0.5025 0.1795
0.51 0.1795
0.5175 0.1795
0.525 0.1795
0.5325 0.1795
0.54 0.1795
0.5475 0.1795
0.555 0.1795
0.5625 0.1795
0.57 0.1795
0.5775 0.1795
0.585 0.1795
0.5925 0.1795
end.
