begin.
-0.765774 1.00073
-0.744472 1.00068
-0.8123 0.987094
-0.601869 0.995954
-0.598734 0.995064
-0.597061 1.0031
-0.594693 0.996054
-0.593173 0.998515
-0.590872 0.999923
-0.589331 0.999934
-0.587088 0.999924
-0.585494 0.999919
-0.583265 0.999922
-0.581672 0.99992
-0.579421 0.999955
-0.577867 0.999985
-0.575692 0.999954
-0.574066 0.99991
-0.571841 0.999914
-0.570247 0.999908
-0.568019 0.999881
-0.566367 0.999865
-0.564152 0.999864
-0.562479 0.999856
-0.560281 0.99987
-0.558554 0.999903
-0.556497 0.999918
-0.554655 0.99991
-0.55276 0.999859
-0.550688 0.999842
-0.548909 0.999855
-0.546757 0.999862
-0.545069 0.999851
-0.542827 0.999858
-0.541201 0.999866
-0.538948 0.999861
-0.537321 0.999857
-0.535057 0.999871
-0.533438 0.999881
-0.531215 0.999898
-0.529541 0.999941
-0.527455 0.999953
-0.525712 0.999942
-0.523678 0.999956
-0.521886 0.999976
-0.519931 0.999979
-0.518098 0.999961
-0.516167 0.999959
-0.514286 0.999952
-0.512397 0.999944
-0.510449 0.999943
-0.508629 0.999951
-0.506612 0.999949
-0.504871 0.999934
-0.502761 0.999924
-0.501085 0.999912
-0.498906 0.999901
-0.497251 0.999899
-0.495052 0.999905
-0.493407 0.999917
-0.491226 0.999918
-0.489587 0.999907
-0.487381 0.999905
-0.48574 0.999926
-0.483555 0.999934
-0.481953 0.999922
-0.479699 0.999935
-0.478153 0.999945
-0.475904 0.999932
-0.47433 0.999925
-0.472092 0.999918
-0.470498 0.99991
-0.468255 0.999916
-0.46667 0.999907
-0.464441 0.999884
-0.462772 0.999884
-0.460613 0.999889
-0.458893 0.999881
-0.45678 0.999896
-0.454977 0.99993
-0.453041 0.999936
-0.451086 0.999933
-0.449301 0.999921
-0.447207 0.999905
-0.445501 0.999902
-0.443324 0.999907
-0.441695 0.999901
-0.439461 0.999901
-0.43785 0.999913
-0.435638 0.999903
-0.43401 0.999889
-0.431773 0.999899
-0.430162 0.999921
-0.427947 0.999921
-0.426344 0.999905
-0.424104 0.999892
-0.422505 0.99989
-0.420222 0.999914
-0.418679 0.999926
-0.416413 0.999913
-0.414843 0.999898
-0.412579 0.999896
-0.41096 0.999924
-0.408779 0.999929
-0.407151 0.999899
-0.404932 0.999887
-0.403282 0.999907
-0.401098 0.999917
-0.399458 0.999918
-0.397255 0.999923
-0.39566 0.999917
-0.393406 0.999921
-0.39184 0.999929
-0.389596 0.999924
-0.388013 0.999915
-0.385781 0.999899
-0.384156 0.999895
-0.381938 0.999893
-0.380309 0.99989
-0.378071 0.999898
-0.376473 0.999901
-0.37422 0.999904
-0.372634 0.999906
-0.370383 0.999914
-0.368781 0.999938
-0.36659 0.999935
-0.364977 0.999908
-0.362746 0.999894
-0.361138 0.99989
-0.358879 0.999901
-0.357282 0.999927
-0.355069 0.999923
-0.353479 0.999877
-0.351204 0.999859
-0.349566 0.999869
-0.347377 0.999886
-0.34562 0.999939
-0.343652 0.99997
-0.341774 0.999976
-0.339944 0.999995
-0.33796 0.999973
-0.33625 0.999917
-0.334047 0.999877
-0.33242 0.99981
-0.330103 0.999777
-0.328379 0.99978
-0.326259 0.999657
-0.324185 0.999583
-0.322126 0.999417
-0.319789 0.99922
-0.317445 0.999174
-0.315112 0.99905
-0.312569 0.998998
-0.31014 0.999017
-0.307677 0.998934
-0.305086 0.998927
-0.302607 0.998947
-0.300078 0.998868
-0.297443 0.998902
-0.294966 0.99891
-0.292375 0.998856
-0.28977 0.998918
-0.287302 0.99891
-0.284692 0.998869
-0.282128 0.998936
-0.279652 0.99889
-0.277015 0.99887
-0.274474 0.998918
-0.271954 0.998855
-0.269286 0.998855
-0.266754 0.998893
-0.264176 0.99882
-0.2615 0.998854
-0.258971 0.998864
-0.256341 0.998807
-0.253683 0.998855
-0.251147 0.998844
-0.248479 0.9988
-0.245847 0.998854
-0.243285 0.998813
-0.240587 0.998797
-0.237972 0.998834
-0.235364 0.998784
-0.232648 0.998786
-0.230036 0.99881
-0.227378 0.998757
-0.22466 0.998782
-0.22204 0.998783
-0.219341 0.998744
-0.216634 0.998775
-0.213995 0.998761
-0.211268 0.998737
-0.208574 0.998768
-0.20591 0.99874
-0.203168 0.998735
-0.200482 0.998755
-0.197788 0.998724
-0.195041 0.998731
-0.192354 0.99874
-0.18963 0.99871
-0.186883 0.998726
-0.184186 0.998721
-0.181437 0.998701
-0.178693 0.998718
-0.175978 0.998704
-0.17321 0.998693
-0.170469 0.998707
-0.167731 0.998687
-0.164952 0.998688
-0.162208 0.998694
-0.159446 0.998675
-0.156663 0.998682
-0.153912 0.99868
-0.151128 0.998665
-0.148344 0.998675
-0.14558 0.998666
-0.14278 0.998659
-0.139996 0.998667
-0.137215 0.998654
-0.134405 0.998653
-0.131619 0.998657
-0.128819 0.998644
-0.126006 0.998649
-0.123214 0.998647
-0.120399 0.998638
-0.117586 0.998645
-0.114786 0.998639
-0.111963 0.998637
-0.109156 0.998645
-0.10635 0.998638
-0.103532 0.998644
-0.100736 0.99865
-0.097931 0.998644
-0.0951228 0.99865
-0.0923294 0.998647
-0.0895166 0.998641
-0.0867088 0.998647
-0.0839075 0.998641
-0.0810909 0.998642
-0.0782892 0.998647
-0.0754847 0.998641
-0.072658 0.998504
-0.0694974 0.998191
-0.0658559 0.998108
-0.0625592 0.998316
-0.0594677 0.998227
-0.0558298 0.998052
-0.0523297 0.998315
-0.0494205 0.998451
-0.0461771 0.998136
-0.0423575 0.998074
-0.0390512 0.998423
-0.0361724 0.99844
-0.0327821 0.998114
-0.0290336 0.99816
-0.0258543 0.998437
-0.0228282 0.998326
-0.019245 0.998105
-0.0156881 0.998284
-0.0126297 0.998416
-0.00936603 0.998216
-0.00573762 0.998184
-0.00245539 0.998364
0.000690013 0.998299
0.0042158 0.998173
0.0076544 0.998298
0.0108162 0.99833
0.0142191 0.998207
0.0177022 0.998257
0.0209343 0.998319
0.0242778 0.998235
0.0277438 0.998248
0.0310178 0.998307
0.0343384 0.998247
0.037788 0.998239
0.0411016 0.998286
0.0444311 0.998249
0.0478505 0.998248
0.0511623 0.998274
0.0545212 0.998236
0.0579346 0.998255
0.0612251 0.998278
0.0645887 0.998239
0.0679802 0.998251
0.0712995 0.998249
0.0747051 0.998238
0.0780398 0.998264
0.0813748 0.998245
0.0847627 0.998258
0.0880523 0.998253
0.0914688 0.998219
0.094836 0.99825
0.0981596 0.998235
0.101578 0.998243
0.104871 0.998243
0.108293 0.998221
0.111634 0.998268
0.11493 0.998243
0.118349 0.998245
0.121624 0.998263
0.125006 0.99823
0.128363 0.998227
0.13175 0.998222
0.135116 0.998235
0.138467 0.998244
0.141801 0.998276
0.145068 0.998255
0.148478 0.998198
0.151895 0.998166
0.155377 0.998226
0.158629 0.998278
0.161982 0.998212
0.165419 0.998218
0.16874 0.998274
0.172046 0.998266
0.175364 0.998279
0.178681 0.998238
0.182148 0.998269
0.185442 0.99868
0.188939 1.00156
0.192889 0.183113
0.198032 0.185048
0.20256 0.185196
0.207707 0.185113
0.212306 0.18503
0.217768 0.184954
0.22224 0.184875
0.227504 0.184791
0.232023 0.184712
0.237142 0.184624
0.241751 0.18455
0.246734 0.184465
0.251514 0.184372
0.257043 0.184314
0.261423 0.184258
0.266192 0.184152
0.271114 0.184053
0.276265 0.183983
0.280857 0.183895
0.286343 0.183832
0.290658 0.183755
0.295815 0.183644
0.30062 0.183561
0.305721 0.183482
0.310363 0.183399
0.315465 0.18332
0.320064 0.183255
0.324866 0.183166
0.329983 0.18307
0.335192 0.183017
0.339607 0.182933
0.344986 0.182855
0.349379 0.18278
0.354635 0.182693
0.359185 0.182633
0.364062 0.182541
0.369095 0.18245
0.374338 0.182392
0.378793 0.182311
0.384088 0.182231
0.3886 0.182199
0.393108 0.182104
0.398446 0.181983
0.404479 0.182004
0.408332 0.18194
0.413233 0.181774
0.418008 0.181798
0.422018 0.18172
0.427933 0.181535
0.434176 0.181582
0.437906 0.181512
0.44296 0.181328
0.447515 0.181321
0.451783 0.181236
0.457321 0.18126
0.460978 0.181187
0.46725 0.180945
0.472512 0.180883
0.477103 0.18082
0.482055 0.180734
0.486885 0.18067
0.491654 0.180586
0.496676 0.180481
0.502322 0.18045
0.506545 0.180378
0.511774 0.180273
0.51627 0.180226
0.520901 0.180131
0.526102 0.180021
0.533609 0.180025
0.541049 0.180166
0.544878 0.18008
0.550764 0.179853
0.557114 0.179953
0.560591 0.179867
0.567814 0.179864
0.571414 0.179773
0.5775 0.1795
0.585 0.1795
0.5925 0.1795
end.
