begin.
-0.751632 1.00073
-0.73678 1.00068
-0.768245 0.987094
-0.60144 0.9968
-0.598423 0.995682
-0.596974 1.00263
-0.594486 0.997121
-0.592985 0.999053
-0.590703 0.999948
-0.589159 0.999946
-0.586934 0.999921
-0.585323 0.999893
-0.583101 0.999868
-0.581452 0.999849
-0.579189 0.999868
-0.57757 0.999882
-0.575358 0.999859
-0.573673 0.999837
-0.571452 0.999869
-0.569759 0.999899
-0.567674 0.999897
-0.565827 0.999902
-0.563917 0.999886
-0.561892 0.999872
-0.560119 0.999856
-0.557942 0.999856
-0.556267 0.999863
-0.55403 0.999876
-0.552429 0.999875
-0.550148 0.99987
-0.548545 0.999879
-0.546297 0.999889
-0.544671 0.9999
-0.54247 0.999916
-0.540807 0.999932
-0.538696 0.999934
-0.536955 0.999944
-0.53492 0.999957
-0.533148 0.999948
-0.531139 0.999953
-0.529318 0.999966
-0.527392 0.999953
-0.525515 0.999919
-0.523572 0.999928
-0.521662 0.999955
-0.519819 0.999946
-0.517837 0.999928
-0.516013 0.999941
-0.514013 0.999941
-0.51224 0.999908
-0.510154 0.999896
-0.508386 0.999924
-0.506336 0.99993
-0.504582 0.999919
-0.502484 0.999925
-0.500777 0.999936
-0.498659 0.999936
-0.496984 0.999938
-0.494825 0.999941
-0.493203 0.999931
-0.490985 0.999935
-0.489404 0.999941
-0.487184 0.999929
-0.485575 0.999917
-0.483374 0.999898
-0.481723 0.999891
-0.479515 0.9999
-0.477884 0.999893
-0.475672 0.999881
-0.474005 0.999879
-0.47183 0.999872
-0.470115 0.99986
-0.467965 0.999883
-0.4662 0.999924
-0.46421 0.99994
-0.462312 0.999951
-0.460485 0.99995
-0.458462 0.999932
-0.456717 0.999921
-0.454594 0.999916
-0.452924 0.999908
-0.450727 0.999907
-0.449101 0.99991
-0.446888 0.999903
-0.445262 0.999901
-0.443037 0.999905
-0.441428 0.999912
-0.439193 0.999917
-0.437608 0.999908
-0.435357 0.999894
-0.43376 0.999892
-0.431496 0.999908
-0.42991 0.999929
-0.427694 0.999927
-0.426088 0.999905
-0.42387 0.999889
-0.4222 0.999915
-0.420049 0.999928
-0.418406 0.999899
-0.416181 0.999894
-0.414558 0.999917
-0.412349 0.999925
-0.410745 0.999923
-0.408511 0.999927
-0.406952 0.999917
-0.40467 0.999916
-0.403108 0.999929
-0.400877 0.99992
-0.399275 0.999901
-0.397045 0.999889
-0.395409 0.999894
-0.393197 0.9999
-0.391573 0.9999
-0.389337 0.999914
-0.38775 0.999925
-0.385513 0.999932
-0.383929 0.999941
-0.381719 0.999943
-0.380109 0.99995
-0.377932 0.999943
-0.376316 0.999919
-0.374095 0.999916
-0.372491 0.999928
-0.370272 0.999939
-0.368676 0.999947
-0.366483 0.999933
-0.364879 0.999888
-0.362629 0.999878
-0.360974 0.999905
-0.358841 0.999919
-0.357074 0.999956
-0.355101 0.999974
-0.353274 0.999966
-0.351329 0.999968
-0.34949 0.999958
-0.347549 0.999951
-0.345676 0.999951
-0.343771 0.999947
-0.341863 0.999939
-0.339975 0.99993
-0.338045 0.999914
-0.336149 0.999904
-0.334196 0.999899
-0.332317 0.999905
-0.330335 0.999921
-0.328518 0.999946
-0.326498 0.999959
-0.324785 0.999954
-0.322647 0.999928
-0.321025 0.99985
-0.318712 0.999798
-0.317049 0.999753
-0.314792 0.999676
-0.31287 0.999664
-0.310805 0.999493
-0.308521 0.999356
-0.306328 0.999257
-0.303958 0.99908
-0.301466 0.999055
-0.299089 0.999011
-0.296559 0.998923
-0.294002 0.998958
-0.291555 0.998925
-0.28895 0.998873
-0.28639 0.998935
-0.283912 0.998889
-0.281276 0.99888
-0.278753 0.998937
-0.276252 0.998882
-0.273616 0.998895
-0.271124 0.998938
-0.26859 0.99887
-0.265961 0.998907
-0.263482 0.998916
-0.260901 0.998856
-0.258285 0.9989
-0.255792 0.998885
-0.253161 0.998835
-0.250559 0.998888
-0.248031 0.998845
-0.245361 0.998825
-0.242772 0.998866
-0.2402 0.998817
-0.237512 0.998816
-0.23493 0.998846
-0.232312 0.998792
-0.229624 0.998814
-0.227037 0.99882
-0.224379 0.998778
-0.221699 0.998807
-0.219096 0.998797
-0.216406 0.998766
-0.213735 0.998797
-0.211106 0.998772
-0.208394 0.998759
-0.205728 0.998781
-0.203068 0.998752
-0.200343 0.998751
-0.197675 0.998764
-0.194983 0.998733
-0.192253 0.998744
-0.189575 0.998744
-0.186855 0.99872
-0.184124 0.998735
-0.18143 0.998726
-0.178686 0.998709
-0.175955 0.998724
-0.173241 0.998707
-0.170481 0.998701
-0.167748 0.998711
-0.165011 0.998692
-0.16224 0.998694
-0.159503 0.998697
-0.156742 0.998679
-0.153967 0.998687
-0.151218 0.998682
-0.148438 0.99867
-0.145661 0.998679
-0.142898 0.998668
-0.140102 0.998663
-0.137323 0.998669
-0.134542 0.998656
-0.131737 0.998657
-0.128954 0.998658
-0.126155 0.998646
-0.123346 0.998651
-0.120555 0.998648
-0.117741 0.99864
-0.114932 0.998646
-0.11213 0.998639
-0.109308 0.998638
-0.106502 0.998644
-0.103693 0.998637
-0.100875 0.998643
-0.0980767 0.998648
-0.0952695 0.998643
-0.0924627 0.998651
-0.0896691 0.998648
-0.0868576 0.998643
-0.0840519 0.998647
-0.0812495 0.998641
-0.0784333 0.998642
-0.0756316 0.998647
-0.0728261 0.99864
-0.0699958 0.998493
-0.0668101 0.99818
-0.0631685 0.998121
-0.0599085 0.998333
-0.0568221 0.998225
-0.0531613 0.998042
-0.0496506 0.998315
-0.046749 0.998466
-0.0435326 0.998151
-0.0397177 0.998066
-0.0363773 0.998406
-0.0334898 0.998445
-0.0301277 0.998127
-0.0263853 0.998154
-0.0231815 0.998425
-0.0201516 0.998328
-0.0165856 0.99811
-0.0130272 0.998276
-0.00995298 0.998406
-0.00668395 0.998216
-0.00306795 0.998189
0.000207627 0.998359
0.00336959 0.99829
0.00689651 0.998177
0.010314 0.998299
0.0134908 0.998316
0.0169096 0.998206
0.0203673 0.998263
0.0236023 0.998307
0.0269702 0.998227
0.0304177 0.998254
0.0336859 0.998299
0.0370294 0.998239
0.0404623 0.998245
0.0437657 0.998277
0.0471229 0.998239
0.050527 0.998255
0.0538248 0.998266
0.0572129 0.998228
0.0606064 0.998259
0.0638976 0.998265
0.0672863 0.998239
0.0706374 0.998255
0.0739793 0.998234
0.0773915 0.998242
0.0806965 0.998255
0.0840818 0.998236
0.0874292 0.998268
0.0907249 0.99824
0.0941626 0.998228
0.0974759 0.998245
0.100867 0.998223
0.104235 0.998255
0.10754 0.998227
0.110993 0.998228
0.114277 0.998261
0.11765 0.998233
0.121005 0.998252
0.12432 0.998252
0.127682 0.998241
0.131026 0.998222
0.134433 0.998225
0.137767 0.998223
0.141182 0.998239
0.144462 0.998272
0.147785 0.998267
0.1511 0.998217
0.154564 0.998157
0.15803 0.998224
0.161302 0.998275
0.164664 0.99821
0.168085 0.998231
0.171416 0.99827
0.174758 0.998319
0.17806 0.998763
0.181179 1.00144
0.186027 0.182959
0.189931 0.184903
0.195944 0.185052
0.199747 0.184969
0.205724 0.1849
0.209477 0.184818
0.215418 0.184729
0.219219 0.18465
0.225074 0.184522
0.229148 0.184441
0.235235 0.184418
0.238983 0.184335
0.244538 0.184188
0.248676 0.184111
0.254543 0.184065
0.258459 0.183986
0.264563 0.183926
0.268366 0.18384
0.274112 0.183733
0.278046 0.183653
0.283969 0.183589
0.287804 0.183506
0.293723 0.183411
0.297613 0.183325
0.303216 0.183187
0.307525 0.183108
0.313422 0.183084
0.317315 0.183006
0.323224 0.182942
0.327044 0.182863
0.332918 0.182755
0.336892 0.182673
0.342417 0.182572
0.346553 0.182501
0.352568 0.18248
0.356375 0.182402
0.36235 0.182319
0.366185 0.18224
0.371504 0.182079
0.376028 0.182006
0.382566 0.182124
0.385979 0.182042
0.391537 0.181816
0.395601 0.181766
0.400384 0.181628
0.405421 0.181533
0.412241 0.181704
0.415585 0.181625
0.421168 0.181394
0.425076 0.181323
0.430215 0.181171
0.434904 0.18117
0.439179 0.181086
0.444768 0.180938
0.450838 0.180973
0.45465 0.180898
0.460359 0.180775
0.464447 0.1807
0.469849 0.180592
0.47419 0.180515
0.480584 0.180569
0.484183 0.180492
0.489904 0.180339
0.493818 0.180259
0.499243 0.180124
0.503624 0.180051
0.511111 0.180025
0.518588 0.180109
0.52279 0.18002
0.528266 0.179851
0.534925 0.180017
0.538225 0.179931
0.545357 0.179832
0.549136 0.179742
0.555 0.1795
0.5625 0.1795
0.57 0.1795
0.5775 0.1795
0.585 0.1795
0.5925 0.1795
end.
