begin.
-0.09375 1
-0.0875 1
-0.08125 1
-0.075 1
-0.06875 1
-0.0625 1
-0.05625 1
-0.05 1
-0.04375 1
-0.0375 1
-0.03125 1
-0.025 1
-0.01875 1
-0.0125 1
-0.00625 1
1.3048e-17 1
0.00625 1
0.0125 1
0.01875 1
0.025 1
0.03125 1
0.0375 1
0.04375 1
0.05 1
0.05625 1
0.0625 1
0.06875 1
0.075 1
0.08125 1
0.0875 1
0.09375 1
0.1 1
0.10625 1
0.1125 1
0.11875 1
0.125 1
0.13125 1
0.1375 1
0.14375 1
0.15 1
0.15625 1
0.1625 1
0.16875 1
0.175 1
0.18125 1
0.1875 1
0.19375 1
0.2 1
0.20625 1
0.2125 1
0.21875 1
0.225 1
0.23125 1
0.2375 1
0.24375 1
0.25 1
0.25625 1
0.2625 1.00001
0.26875 1.00002
0.275 1.00003
0.28125 1.00005
0.2875 1.00007
0.293749 1.00008
0.299999 1.00005
0.306248 0.999934
0.312498 0.999619
0.318748 0.998941
0.325001 0.997629
0.331259 0.995279
0.337525 0.991362
0.343809 0.985278
0.350122 0.97641
0.356479 0.964145
0.362896 0.947889
0.369395 0.927192
0.376008 0.901967
0.382772 0.872529
0.389712 0.839171
0.396848 0.801696
0.404215 0.75941
0.411892 0.712029
0.41998 0.660558
0.428537 0.607249
0.437624 0.555166
0.447339 0.508224
0.457683 0.475001
0.468534 0.472898
0.479184 0.53544
0.488847 0.615725
0.499602 0.582874
0.517707 0.225353
0.541923 0.168705
0.562596 0.386803
0.577761 0.55194
0.628117 0.485479
0.49776 0.0385511
0.573067 0.637538
0.592399 0.285791
0.625192 0.4228
0.647584 0.284705
0.666233 0.414133
0.677661 0.546566
0.685448 0.509337
0.701402 0.278365
0.724967 0.185714
0.749988 0.179372
0.774999 0.179453
0.8 0.179498
0.825 0.1795
0.85 0.1795
0.875 0.1795
0.9 0.1795
0.925 0.1795
0.95 0.1795
0.975 0.1795
1 0.1795
1.025 0.1795
1.05 0.1795
1.075 0.1795
1.1 0.1795
1.125 0.1795
1.15 0.1795
1.175 0.1795
1.2 0.1795
1.225 0.1795
1.25 0.1795
1.275 0.1795
1.3 0.1795
1.325 0.1795
1.35 0.1795
end.
