begin.
-0.09375 1
-0.0875 1
-0.08125 1
-0.075 1
-0.06875 1
-0.0625 1
-0.05625 1
-0.05 1
-0.04375 1
-0.0375 1
-0.03125 1
-0.025 1
-0.01875 1
-0.0125 1
-0.00625 1
3.85447e-20 1
0.00625 1
0.0125 1
0.01875 1
0.025 1
0.03125 1
0.0375 1
0.04375 1
0.05 1
0.05625 1
0.0625 1
0.06875 1
0.075 1
0.08125 1
0.0875 1
0.09375 1
0.1 1
0.10625 1
0.1125 1
0.11875 1
0.125 1
0.13125 1
0.1375 1
0.14375 1
0.15 1
0.15625 1
0.1625 1
0.16875 1
0.175 1
0.18125 1
0.1875 1
0.19375 1
0.2 1
0.20625 1
0.2125 1.00001
0.21875 1.00001
0.225 1.00002
0.23125 1.00003
0.2375 1.00004
0.24375 1.00005
0.249999 1.00003
0.256249 0.999976
0.262499 0.999819
0.268749 0.999475
0.275 0.998804
0.281254 0.997596
0.287513 0.99556
0.29378 0.992324
0.300061 0.987459
0.306365 0.980502
0.312703 0.970996
0.319087 0.958547
0.325535 0.942912
0.332066 0.924084
0.338702 0.902279
0.345459 0.877783
0.352354 0.850751
0.359408 0.821143
0.366647 0.78891
0.374104 0.754093
0.38181 0.71674
0.389803 0.676785
0.39814 0.63429
0.406892 0.590396
0.416124 0.54791
0.425868 0.510688
0.436083 0.482932
0.44664 0.469287
0.457342 0.475168
0.467744 0.498996
0.477632 0.518905
0.486831 0.520444
0.496687 0.522961
0.510201 0.466322
0.542233 0.179636
0.560074 0.37797
0.569662 0.464037
0.579002 0.43614
0.614058 0.451877
0.678542 0.467962
0.51048 0.00980883
0.592662 0.333662
0.622442 0.568047
0.628614 0.514147
0.651123 0.188309
0.681889 0.470691
0.699076 0.315931
0.718506 0.388254
0.730776 0.547393
0.738468 0.531939
0.752602 0.320851
0.775019 0.192028
0.79998 0.179583
0.824998 0.17942
0.85 0.179493
0.875 0.1795
0.9 0.1795
0.925 0.1795
0.95 0.1795
0.975 0.1795
1 0.1795
1.025 0.1795
1.05 0.1795
1.075 0.1795
1.1 0.1795
1.125 0.1795
1.15 0.1795
1.175 0.1795
1.2 0.1795
1.225 0.1795
1.25 0.1795
1.275 0.1795
1.3 0.1795
1.325 0.1795
1.35 0.1795
end.
