begin.
-0.60244 1.0011
-0.599391 1.00201
-0.597364 1.00203
-0.595526 1.00108
-0.593554 1.00016
-0.591705 0.999929
-0.58975 0.999939
-0.587893 0.999936
-0.585944 0.999936
-0.584078 0.999936
-0.582143 0.999937
-0.580257 0.999941
-0.578344 0.999946
-0.576456 0.999938
-0.574542 0.999933
-0.572633 0.999932
-0.570738 0.999938
-0.568808 0.999944
-0.566953 0.999947
-0.56499 0.999949
-0.563169 0.999947
-0.561186 0.999934
-0.559361 0.999924
-0.557367 0.999907
-0.555531 0.999896
-0.553503 0.9999
-0.551698 0.99992
-0.549652 0.999935
-0.547916 0.999941
-0.54581 0.999935
-0.544163 0.999898
-0.541923 0.999897
-0.540317 0.999916
-0.538117 0.999936
-0.53644 0.999976
-0.534414 0.999985
-0.532621 0.999981
-0.530688 0.99998
-0.528829 0.999973
-0.526926 0.999974
-0.525046 0.999974
-0.523156 0.999979
-0.521273 0.999983
-0.519391 0.999987
-0.51751 0.999991
-0.515632 0.999994
-0.513754 0.999996
-0.511877 0.999997
-0.510001 0.999998
-0.508126 0.999999
-0.50625 0.999999
-0.504375 1
-0.5025 1
-0.500625 1
-0.49875 1
-0.496875 1
-0.495 1
-0.493125 1
-0.49125 1
-0.489375 1
-0.4875 1
-0.485625 1
-0.48375 1
-0.481875 1
-0.48 1
-0.478125 1
-0.47625 1
-0.474375 1
-0.4725 1
-0.470625 1
-0.46875 1
-0.466875 1
-0.465 1
-0.463125 1
-0.46125 1
-0.459375 1
-0.4575 1
-0.455625 1
-0.45375 1
-0.451875 1
-0.45 1
-0.448125 1
-0.44625 1
-0.444375 1
-0.4425 1
-0.440625 1
-0.43875 1
-0.436875 1
-0.435 1
-0.433125 1
-0.43125 1
-0.429375 1
-0.4275 1
-0.425625 1
-0.42375 1
-0.421875 1
-0.42 1
-0.418125 1
-0.41625 1
-0.414375 1
-0.4125 1
-0.410625 1
-0.40875 1
-0.406875 1
-0.405 1
-0.403125 1
-0.40125 1
-0.399375 1
-0.3975 1
-0.395625 1
-0.39375 1
-0.391875 1
-0.39 1
-0.388125 1
-0.38625 1
-0.384375 1
-0.3825 1
-0.380625 1
-0.37875 1
-0.376875 1
-0.375 1
-0.373125 1
-0.37125 1
-0.369375 1
-0.3675 1
-0.365625 1
-0.36375 1
-0.361875 1
-0.36 1
-0.358125 1
-0.35625 1
-0.354375 1
-0.3525 1
-0.350625 1
-0.34875 1
-0.346875 1
-0.345 1
-0.343125 1
-0.34125 1
-0.339375 1
-0.3375 1
-0.335625 1
-0.33375 1
-0.331875 1
-0.33 1
-0.328125 1
-0.32625 1
-0.324375 1
-0.3225 1
-0.320625 1
-0.31875 1
-0.316875 1
-0.315 1
-0.313125 1
-0.31125 1
-0.309375 1
-0.3075 1
-0.305625 1
-0.30375 1
-0.301875 1
-0.3 1
-0.298125 1
-0.29625 1
-0.294375 1
-0.2925 1
-0.290625 1
-0.28875 1
-0.286875 1
-0.285 1
-0.283125 1
-0.28125 1
-0.279375 1
-0.2775 1
-0.275625 1
-0.27375 1
-0.271875 1
-0.27 1
-0.268125 1
-0.26625 1
-0.264375 1
-0.2625 1
-0.260625 1
-0.25875 1
-0.256875 1
-0.255 1
-0.253125 1
-0.25125 1
-0.249375 1
-0.2475 1
-0.245625 1
-0.24375 1
-0.241875 1
-0.24 1
-0.238125 1
-0.23625 1
-0.234375 1
-0.2325 1
-0.230625 1
-0.22875 1
-0.226875 1
-0.225 1
-0.223125 1
-0.22125 1
-0.219375 1
-0.2175 1
-0.215625 1
-0.21375 1
-0.211875 1
-0.21 1
-0.208125 1
-0.20625 1
-0.204375 1
-0.2025 1
-0.200625 1
-0.19875 1
-0.196875 1
-0.195 1
-0.193125 1
-0.19125 1
-0.189375 1
-0.1875 1
-0.185625 1
-0.18375 1
-0.181875 1
-0.18 1
-0.178125 1
-0.17625 1
-0.174375 1
-0.1725 1
-0.170625 1
-0.16875 1
-0.166875 1
-0.165 1
-0.163125 1
-0.16125 1
-0.159375 1
-0.1575 1
-0.155625 1
-0.15375 1
-0.151875 1
-0.15 1
-0.148125 1
-0.14625 1
-0.144375 1
-0.1425 1
-0.140625 1
-0.13875 1
-0.136875 1
-0.135 1
-0.133125 1
-0.13125 1
-0.129375 1
-0.1275 1
-0.125625 1
-0.12375 1
-0.121875 1
-0.12 1
-0.118125 1
-0.11625 1
-0.114375 1
-0.1125 1
-0.110625 1
-0.10875 1
-0.106875 1
-0.105 1
-0.103125 1
-0.10125 1
-0.0993752 1
-0.0975003 1
-0.0956256 1
-0.0937509 1
-0.0918763 1
-0.0900019 1
-0.0881273 1
-0.0862525 0.999999
-0.0843768 0.999997
-0.0824993 0.999992
-0.0806197 0.999985
-0.0787339 0.999975
-0.076847 0.999961
-0.0749418 0.999942
-0.0730459 0.999911
-0.0711034 0.999852
-0.0691578 0.999733
-0.0670859 0.999545
-0.0649 0.999335
-0.0625716 0.999137
-0.0601185 0.999004
-0.0576064 0.99893
-0.0550479 0.998873
-0.0524417 0.998841
-0.0498252 0.998817
-0.0471756 0.998782
-0.0444912 0.998764
-0.0418041 0.998742
-0.0390775 0.998714
-0.0363309 0.998704
-0.0335824 0.998682
-0.0307912 0.998664
-0.0280014 0.998661
-0.0252032 0.998641
-0.0223749 0.998648
-0.0195849 0.998607
-0.016641 0.998321
-0.0130833 0.998011
-0.00932827 0.998132
-0.00618882 0.998439
-0.00321499 0.998348
0.00026176 0.998105
0.00381785 0.998221
0.00695982 0.998303
0.0103293 0.998176
0.0138079 0.998238
0.0170048 0.99826
0.0204563 0.998202
0.0237694 0.998249
0.02715 0.998248
0.0304814 0.99824
0.0339348 0.998474
0.0369122 0.9989
0.0419723 0.179905
0.0456458 0.180852
0.0517255 0.180824
0.0553177 0.180749
0.0615966 0.180674
0.0651973 0.180593
0.0714269 0.180501
0.0751119 0.180423
0.0811264 0.180364
0.084662 0.180287
0.091139 0.180052
0.0959033 0.179966
0.100784 0.179855
0.107344 0.180015
0.110612 0.179924
0.116628 0.179759
0.120148 0.179673
0.1275 0.1795
0.135 0.1795
0.1425 0.1795
0.15 0.1795
0.1575 0.1795
0.165 0.1795
0.1725 0.1795
0.18 0.1795
0.1875 0.1795
0.195 0.1795
0.2025 0.1795
0.21 0.1795
0.2175 0.1795
0.225 0.1795
0.2325 0.1795
0.24 0.1795
0.2475 0.1795
0.255 0.1795
0.2625 0.1795
0.27 0.1795
0.2775 0.1795
0.285 0.1795
0.2925 0.1795
0.3 0.1795
0.3075 0.1795
0.315 0.1795
0.3225 0.1795
0.33 0.1795
0.3375 0.1795
0.345 0.1795
0.3525 0.1795
0.36 0.1795
0.3675 0.1795
0.375 0.1795
0.3825 0.1795
0.39 0.1795
0.3975 0.1795
0.405 0.1795
0.4125 0.1795
0.42 0.1795
0.4275 0.1795
0.435 0.1795
0.4425 0.1795
0.45 0.1795
0.4575 0.1795
0.465 0.1795
0.4725 0.1795
0.48 0.1795
0.4875 0.1795
0.495 0.1795
0.5025 0.1795
0.51 0.1795
0.5175 0.1795
0.525 0.1795
0.5325 0.1795
0.54 0.1795
0.5475 0.1795
0.555 0.1795
0.5625 0.1795
0.57 0.1795
0.5775 0.1795
0.585 0.1795
0.5925 0.1795
end.
