begin.
-0.09375 1
-0.0875 1
-0.08125 1
-0.075 1
-0.06875 1
-0.0625 1
-0.05625 1
-0.05 1
-0.04375 1
-0.0375 1
-0.03125 1
-0.025 1
-0.01875 1
-0.0125 1
-0.00625 1
7.67619e-18 1
0.00625 1
0.0125 1
0.01875 1
0.025 1
0.03125 1
0.0375 1
0.04375 1
0.05 1
0.05625 1
0.0625 1
0.06875 1
0.075 1
0.08125 1
0.0875 1
0.09375 1
0.1 1
0.10625 1
0.1125 1
0.11875 1
0.125 1
0.13125 1
0.1375 1
0.14375 1
0.15 1
0.15625 1
0.1625 1
0.16875 1
0.175 1
0.18125 1
0.1875 1
0.19375 1
0.2 1
0.20625 1
0.2125 1
0.21875 1
0.225 1
0.23125 1
0.2375 1
0.24375 1
0.25 1
0.25625 1
0.2625 1
0.26875 1
0.275 1
0.28125 1
0.2875 1
0.29375 1.00001
0.3 1.00002
0.30625 1.00004
0.3125 1.00006
0.31875 1.00009
0.324999 1.00011
0.331248 1.00009
0.337497 0.999948
0.343747 0.999551
0.349997 0.998627
0.35625 0.996752
0.362509 0.993367
0.368783 0.987816
0.375085 0.979312
0.381425 0.966882
0.38782 0.949477
0.394302 0.926363
0.400924 0.897488
0.407726 0.863159
0.414725 0.823181
0.42195 0.776436
0.429496 0.721808
0.437528 0.659958
0.44616 0.595158
0.455457 0.534534
0.465577 0.487425
0.476299 0.483711
0.487014 0.550422
0.498077 0.606833
0.513673 0.329426
0.53378 0.183617
0.55653 0.294985
0.589834 0.43775
0.499565 0.0421003
0.566843 0.335569
0.594077 0.37276
0.621008 0.263321
0.637488 0.53606
0.643852 0.568651
0.655525 0.414019
0.675217 0.213478
0.699969 0.180384
0.724997 0.179375
0.75 0.179489
0.775 0.1795
0.8 0.1795
0.825 0.1795
0.85 0.1795
0.875 0.1795
0.9 0.1795
0.925 0.1795
0.95 0.1795
0.975 0.1795
1 0.1795
1.025 0.1795
1.05 0.1795
1.075 0.1795
1.1 0.1795
1.125 0.1795
1.15 0.1795
1.175 0.1795
1.2 0.1795
1.225 0.1795
1.25 0.1795
1.275 0.1795
1.3 0.1795
1.325 0.1795
1.35 0.1795
end.
