begin.
-0.786986 1.00073
-0.75601 1.00068
-0.878382 0.987094
-0.602427 0.994257
-0.599244 0.993121
-0.597237 1.00342
-0.595048 0.993652
-0.593407 0.997769
-0.591222 0.99993
-0.589596 0.999926
-0.587397 0.999929
-0.585782 0.999932
-0.583587 0.999926
-0.581959 0.999919
-0.579759 0.999918
-0.578128 0.999929
-0.575926 0.999951
-0.574353 0.999933
-0.572121 0.999903
-0.570479 0.999923
-0.568301 0.999944
-0.5667 0.999917
-0.564459 0.9999
-0.562851 0.999913
-0.560625 0.999934
-0.559027 0.999952
-0.556835 0.999957
-0.55524 0.999943
-0.553028 0.999945
-0.551423 0.999939
-0.549268 0.999889
-0.547543 0.999855
-0.545382 0.999891
-0.543659 0.999923
-0.541612 0.999923
-0.539767 0.999917
-0.53787 0.999886
-0.535841 0.999861
-0.534047 0.99984
-0.531882 0.999854
-0.530185 0.999871
-0.528003 0.999867
-0.526316 0.999854
-0.524105 0.999864
-0.522419 0.999886
-0.520282 0.999875
-0.518539 0.99985
-0.51638 0.999886
-0.514637 0.999935
-0.512637 0.999934
-0.510757 0.99994
-0.508866 0.99997
-0.506938 0.999979
-0.505143 0.999966
-0.503114 0.999958
-0.501372 0.99997
-0.499322 0.999961
-0.497612 0.999934
-0.495487 0.999913
-0.493797 0.999906
-0.491629 0.999908
-0.489976 0.999914
-0.487777 0.99992
-0.486163 0.999922
-0.483946 0.999912
-0.48235 0.999894
-0.480079 0.999892
-0.478496 0.999903
-0.47624 0.999911
-0.474662 0.999904
-0.472412 0.999891
-0.470782 0.999899
-0.468588 0.9999
-0.466927 0.999909
-0.464738 0.999932
-0.463128 0.999931
-0.460922 0.999916
-0.459296 0.999917
-0.457087 0.99993
-0.45548 0.999942
-0.453274 0.999949
-0.451697 0.999927
-0.449465 0.999909
-0.447821 0.999925
-0.445686 0.999929
-0.443972 0.999913
-0.441888 0.999921
-0.440085 0.999939
-0.438152 0.999934
-0.436202 0.999916
-0.434398 0.999888
-0.43228 0.999879
-0.430573 0.999891
-0.42839 0.999897
-0.426761 0.999883
-0.424501 0.999889
-0.422906 0.99991
-0.420677 0.999901
-0.419057 0.999888
-0.416817 0.999897
-0.415214 0.999899
-0.412976 0.999898
-0.411339 0.999915
-0.409174 0.999904
-0.407504 0.999882
-0.405287 0.999896
-0.403666 0.999918
-0.401452 0.999913
-0.399859 0.999886
-0.397575 0.99988
-0.395998 0.999895
-0.393722 0.999905
-0.392155 0.999903
-0.389891 0.999892
-0.388298 0.999879
-0.386038 0.999869
-0.384404 0.999877
-0.382186 0.999876
-0.380534 0.999874
-0.378306 0.99988
-0.376684 0.99988
-0.374427 0.999887
-0.372836 0.999888
-0.370574 0.999883
-0.368962 0.999885
-0.366737 0.999875
-0.365084 0.999867
-0.362871 0.999872
-0.361195 0.999885
-0.359032 0.999883
-0.35732 0.999863
-0.355176 0.999842
-0.35339 0.999839
-0.35128 0.999807
-0.349443 0.999761
-0.347268 0.999709
-0.34545 0.999572
-0.343045 0.999514
-0.341141 0.99949
-0.338843 0.999246
-0.336437 0.999193
-0.334201 0.999068
-0.331601 0.998943
-0.329125 0.999003
-0.32669 0.998942
-0.324082 0.998917
-0.321595 0.998977
-0.31912 0.99891
-0.316508 0.998914
-0.314023 0.99895
-0.311511 0.998884
-0.308881 0.998927
-0.306446 0.998945
-0.303869 0.998881
-0.301301 0.998935
-0.298824 0.998904
-0.29622 0.998858
-0.293628 0.998907
-0.291129 0.99887
-0.288471 0.99885
-0.285917 0.998913
-0.283393 0.998852
-0.280727 0.998862
-0.278201 0.998892
-0.275621 0.998819
-0.27294 0.998842
-0.270399 0.998848
-0.267747 0.99878
-0.265064 0.998835
-0.262509 0.998816
-0.25981 0.99878
-0.257162 0.998838
-0.254587 0.998797
-0.251865 0.998781
-0.249246 0.998827
-0.246623 0.998761
-0.243881 0.998775
-0.241266 0.998793
-0.23858 0.998735
-0.235839 0.998768
-0.233215 0.998768
-0.230484 0.998725
-0.227767 0.998773
-0.225128 0.998748
-0.222376 0.998732
-0.219688 0.998769
-0.21702 0.998731
-0.214259 0.998731
-0.211584 0.998754
-0.208874 0.998709
-0.206111 0.998728
-0.203427 0.998728
-0.200678 0.998695
-0.197921 0.99872
-0.19522 0.998708
-0.192444 0.998688
-0.189699 0.998715
-0.186976 0.998691
-0.184189 0.998689
-0.181453 0.998705
-0.178705 0.99868
-0.175917 0.998689
-0.173183 0.998694
-0.170411 0.998671
-0.167629 0.998687
-0.164885 0.998679
-0.162094 0.998666
-0.159318 0.998681
-0.156557 0.998666
-0.153753 0.998662
-0.15098 0.998672
-0.148198 0.998654
-0.145389 0.998659
-0.142614 0.99866
-0.139811 0.998645
-0.137003 0.998655
-0.134218 0.998648
-0.1314 0.99864
-0.128595 0.99865
-0.125797 0.998639
-0.122971 0.998639
-0.12017 0.998645
-0.117359 0.998635
-0.114537 0.998643
-0.111741 0.998646
-0.108928 0.99864
-0.10612 0.998652
-0.103329 0.998648
-0.100516 0.998644
-0.0977152 0.99865
-0.0949144 0.998641
-0.0920952 0.998642
-0.0892956 0.998646
-0.0864869 0.99864
-0.0836735 0.998647
-0.0808772 0.998648
-0.0780683 0.998608
-0.0751574 0.99837
-0.0717296 0.99809
-0.0681278 0.99819
-0.0650142 0.998316
-0.0617049 0.99812
-0.0580151 0.99815
-0.0548571 0.99843
-0.0518822 0.998294
-0.0482325 0.998024
-0.0445901 0.998264
-0.0416456 0.998513
-0.0385743 0.998252
-0.0348401 0.998061
-0.0313566 0.99834
-0.0284042 0.998445
-0.0251012 0.998169
-0.0213816 0.998158
-0.0181337 0.998412
-0.0150898 0.998341
-0.0115606 0.998142
-0.00802973 0.998283
-0.0049217 0.998383
-0.0016092 0.998213
0.00198275 0.99821
0.0052434 0.998358
0.00844627 0.998281
0.0119677 0.998198
0.0153449 0.998311
0.0185487 0.998304
0.0219885 0.998216
0.0254037 0.998286
0.0286371 0.998304
0.0320335 0.998226
0.0354648 0.998265
0.0387352 0.998294
0.0421063 0.998239
0.0455187 0.998261
0.048816 0.998276
0.0522008 0.998239
0.0555859 0.998274
0.0588677 0.998275
0.062264 0.998231
0.0656514 0.998259
0.0689649 0.998257
0.0723654 0.998246
0.0756933 0.998274
0.0790232 0.998251
0.0824144 0.998251
0.0857309 0.998246
0.0891464 0.998225
0.092507 0.99826
0.0958216 0.998243
0.0992413 0.998239
0.102551 0.998251
0.105943 0.998236
0.109283 0.998273
0.112575 0.998246
0.116003 0.998246
0.119276 0.998261
0.122672 0.998215
0.126068 0.998234
0.129402 0.998236
0.13279 0.998252
0.136078 0.998269
0.139425 0.998254
0.14275 0.998212
0.146227 0.998172
0.149647 0.998208
0.153 0.998263
0.156284 0.998258
0.159668 0.998196
0.163108 0.998252
0.166325 0.9983
0.169669 0.998247
0.173014 0.998231
0.176403 0.998204
0.179827 0.998224
0.183161 0.998243
0.18652 0.998235
0.189908 0.998266
0.19321 0.998331
0.196524 0.998638
0.200174 1.00193
0.203558 0.18347
0.20972 0.185506
0.213263 0.185663
0.219534 0.18559
0.223053 0.18551
0.229126 0.1854
0.232756 0.185322
0.238854 0.18524
0.242497 0.185159
0.249084 0.185136
0.252511 0.185053
0.258701 0.184971
0.262135 0.184889
0.2683 0.184781
0.271815 0.184701
0.277875 0.184575
0.28157 0.184495
0.28826 0.184483
0.291705 0.184398
0.297414 0.184208
0.301282 0.184129
0.307465 0.184116
0.311035 0.184032
0.317578 0.183984
0.321026 0.183899
0.327009 0.18379
0.330546 0.18371
0.336895 0.183656
0.340355 0.183579
0.34663 0.183487
0.350131 0.183407
0.356048 0.183229
0.359979 0.183154
0.366377 0.183205
0.369797 0.183128
0.376147 0.183043
0.379588 0.182965
0.385809 0.182859
0.389333 0.18278
0.395255 0.182628
0.399086 0.182551
0.405536 0.182576
0.408967 0.182494
0.415226 0.182378
0.418779 0.182297
0.42429 0.18209
0.428561 0.182018
0.435424 0.182171
0.438747 0.182094
0.444502 0.181877
0.448226 0.181812
0.453253 0.181621
0.457956 0.181541
0.465018 0.181732
0.468355 0.181657
0.474244 0.181493
0.477755 0.181423
0.482964 0.181193
0.487442 0.181142
0.492244 0.181045
0.497249 0.180948
0.503615 0.181034
0.50721 0.180958
0.513275 0.180851
0.516988 0.180775
0.523083 0.180699
0.526777 0.180618
0.533343 0.180619
0.536784 0.180542
0.543108 0.18047
0.546508 0.180389
0.552163 0.180171
0.556156 0.180098
0.563607 0.180025
0.571104 0.180022
0.57676 0.18
0.580795 0.179917
0.588081 0.180147
0.591066 0.180644
0.593295 0.180166
end.
