begin.
-0.602596 1.00111
-0.599528 1.00211
-0.597449 1.00222
-0.595658 1.00124
-0.593637 1.0002
-0.591838 0.999925
-0.589832 0.999933
-0.588018 0.999934
-0.586029 0.999936
-0.584198 0.999938
-0.582227 0.999941
-0.58039 0.999936
-0.578424 0.999933
-0.576563 0.999939
-0.574626 0.999946
-0.572757 0.999943
-0.570829 0.999939
-0.568945 0.999933
-0.567025 0.999934
-0.565119 0.999936
-0.563229 0.999941
-0.561292 0.999948
-0.559451 0.999948
-0.557476 0.999947
-0.555662 0.999943
-0.553673 0.999924
-0.551845 0.999907
-0.549832 0.999895
-0.548003 0.999894
-0.545966 0.999906
-0.544173 0.999931
-0.54213 0.999936
-0.540403 0.999917
-0.53826 0.999912
-0.536615 0.999891
-0.534382 0.999906
-0.532746 0.999949
-0.530634 0.999968
-0.5289 0.999987
-0.526931 0.999993
-0.525105 0.999982
-0.52319 0.99998
-0.521321 0.999974
-0.519425 0.999975
-0.517542 0.999976
-0.515655 0.99998
-0.513772 0.999984
-0.51189 0.999988
-0.51001 0.999991
-0.508131 0.999994
-0.506254 0.999996
-0.504377 0.999997
-0.502501 0.999998
-0.500626 0.999999
-0.49875 0.999999
-0.496875 1
-0.495 1
-0.493125 1
-0.49125 1
-0.489375 1
-0.4875 1
-0.485625 1
-0.48375 1
-0.481875 1
-0.48 1
-0.478125 1
-0.47625 1
-0.474375 1
-0.4725 1
-0.470625 1
-0.46875 1
-0.466875 1
-0.465 1
-0.463125 1
-0.46125 1
-0.459375 1
-0.4575 1
-0.455625 1
-0.45375 1
-0.451875 1
-0.45 1
-0.448125 1
-0.44625 1
-0.444375 1
-0.4425 1
-0.440625 1
-0.43875 1
-0.436875 1
-0.435 1
-0.433125 1
-0.43125 1
-0.429375 1
-0.4275 1
-0.425625 1
-0.42375 1
-0.421875 1
-0.42 1
-0.418125 1
-0.41625 1
-0.414375 1
-0.4125 1
-0.410625 1
-0.40875 1
-0.406875 1
-0.405 1
-0.403125 1
-0.40125 1
-0.399375 1
-0.3975 1
-0.395625 1
-0.39375 1
-0.391875 1
-0.39 1
-0.388125 1
-0.38625 1
-0.384375 1
-0.3825 1
-0.380625 1
-0.37875 1
-0.376875 1
-0.375 1
-0.373125 1
-0.37125 1
-0.369375 1
-0.3675 1
-0.365625 1
-0.36375 1
-0.361875 1
-0.36 1
-0.358125 1
-0.35625 1
-0.354375 1
-0.3525 1
-0.350625 1
-0.34875 1
-0.346875 1
-0.345 1
-0.343125 1
-0.34125 1
-0.339375 1
-0.3375 1
-0.335625 1
-0.33375 1
-0.331875 1
-0.33 1
-0.328125 1
-0.32625 1
-0.324375 1
-0.3225 1
-0.320625 1
-0.31875 1
-0.316875 1
-0.315 1
-0.313125 1
-0.31125 1
-0.309375 1
-0.3075 1
-0.305625 1
-0.30375 1
-0.301875 1
-0.3 1
-0.298125 1
-0.29625 1
-0.294375 1
-0.2925 1
-0.290625 1
-0.28875 1
-0.286875 1
-0.285 1
-0.283125 1
-0.28125 1
-0.279375 1
-0.2775 1
-0.275625 1
-0.27375 1
-0.271875 1
-0.27 1
-0.268125 1
-0.26625 1
-0.264375 1
-0.2625 1
-0.260625 1
-0.25875 1
-0.256875 1
-0.255 1
-0.253125 1
-0.25125 1
-0.249375 1
-0.2475 1
-0.245625 1
-0.24375 1
-0.241875 1
-0.24 1
-0.238125 1
-0.23625 1
-0.234375 1
-0.2325 1
-0.230625 1
-0.22875 1
-0.226875 1
-0.225 1
-0.223125 1
-0.22125 1
-0.219375 1
-0.2175 1
-0.215625 1
-0.21375 1
-0.211875 1
-0.21 1
-0.208125 1
-0.20625 1
-0.204375 1
-0.2025 1
-0.200625 1
-0.19875 1
-0.196875 1
-0.195 1
-0.193125 1
-0.19125 1
-0.189375 1
-0.1875 1
-0.185625 1
-0.18375 1
-0.181875 1
-0.18 1
-0.178125 1
-0.17625 1
-0.174375 1
-0.1725 1
-0.170625 1
-0.16875 1
-0.166875 1
-0.165 1
-0.163125 1
-0.16125 1
-0.159375 1
-0.1575 1
-0.155625 1
-0.15375 1
-0.151875 1
-0.15 1
-0.148125 1
-0.14625 1
-0.144375 1
-0.1425 1
-0.140625 1
-0.13875 1
-0.136875 1
-0.135 1
-0.133125 1
-0.13125 1
-0.129375 1
-0.1275 1
-0.125625 1
-0.12375 1
-0.121875 1
-0.12 1
-0.118125 1
-0.11625 1
-0.114375 1
-0.1125 1
-0.110625 1
-0.10875 1
-0.106875 1
-0.105 1
-0.103126 1
-0.101251 1
-0.0993762 1
-0.0975017 1
-0.095627 1
-0.093752 0.999999
-0.0918763 0.999997
-0.089999 0.999993
-0.0881197 0.999987
-0.0862354 0.999978
-0.0843492 0.999966
-0.0824493 0.99995
-0.0805551 0.999929
-0.0786258 0.999895
-0.0767106 0.999817
-0.074701 0.999676
-0.072617 0.999483
-0.0703784 0.999265
-0.0680026 0.999095
-0.0655451 0.998986
-0.0630191 0.998914
-0.0604491 0.998878
-0.0578655 0.998848
-0.0552437 0.998816
-0.0525981 0.998799
-0.0499435 0.998773
-0.0472487 0.998748
-0.0445415 0.998736
-0.0418223 0.998711
-0.0390646 0.998695
-0.0363083 0.998685
-0.0335315 0.998662
-0.030727 0.998657
-0.0279356 0.998649
-0.0251171 0.998638
-0.0223014 0.998648
-0.019489 0.99849
-0.0162621 0.998129
-0.0124612 0.998016
-0.00901962 0.998322
-0.00608547 0.998455
-0.00288479 0.998195
0.00076149 0.998118
0.00409195 0.998301
0.00724171 0.998256
0.0107579 0.998166
0.014097 0.998268
0.0173452 0.998226
0.0208271 0.99822
0.0240892 0.998237
0.0275122 0.998225
0.0308319 0.998256
0.0342108 0.998271
0.0375562 0.998364
0.0407965 0.998911
0.0453529 0.179862
0.0495993 0.180804
0.0552117 0.180769
0.0594081 0.180692
0.0647832 0.180591
0.0692455 0.180513
0.0747593 0.18045
0.0790384 0.180373
0.0847203 0.180311
0.0888329 0.180233
0.0941315 0.180119
0.0986406 0.180045
0.105456 0.180222
0.108695 0.180134
0.115755 0.179957
0.119824 0.179863
0.125248 0.179828
0.128964 0.179745
0.135 0.1795
0.1425 0.1795
0.15 0.1795
0.1575 0.1795
0.165 0.1795
0.1725 0.1795
0.18 0.1795
0.1875 0.1795
0.195 0.1795
0.2025 0.1795
0.21 0.1795
0.2175 0.1795
0.225 0.1795
0.2325 0.1795
0.24 0.1795
0.2475 0.1795
0.255 0.1795
0.2625 0.1795
0.27 0.1795
0.2775 0.1795
0.285 0.1795
0.2925 0.1795
0.3 0.1795
0.3075 0.1795
0.315 0.1795
0.3225 0.1795
0.33 0.1795
0.3375 0.1795
0.345 0.1795
0.3525 0.1795
0.36 0.1795
0.3675 0.1795
0.375 0.1795
0.3825 0.1795
0.39 0.1795
0.3975 0.1795
0.405 0.1795
0.4125 0.1795
0.42 0.1795
0.4275 0.1795
0.435 0.1795
0.4425 0.1795
0.45 0.1795
0.4575 0.1795
0.465 0.1795
0.4725 0.1795
0.48 0.1795
0.4875 0.1795
0.495 0.1795
0.5025 0.1795
0.51 0.1795
0.5175 0.1795
0.525 0.1795
0.5325 0.1795
0.54 0.1795
0.5475 0.1795
0.555 0.1795
0.5625 0.1795
0.57 0.1795
0.5775 0.1795
0.585 0.1795
0.5925 0.1795
end.
