begin.
-0.09375 1
-0.0875 1
-0.08125 1
-0.075 1
-0.06875 1
-0.0625 1
-0.05625 1
-0.05 1
-0.04375 1
-0.0375 1
-0.03125 1
-0.025 1
-0.01875 1
-0.0125 1
-0.00625 1
1.03965e-15 1
0.00625 1
0.0125 1
0.01875 1
0.025 1
0.03125 1
0.0375 1
0.04375 1
0.05 1
0.05625 1
0.0625 1
0.06875 1
0.075 1
0.08125 1
0.0875 1
0.09375 1
0.1 1
0.10625 1
0.1125 1
0.11875 1
0.125 1
0.13125 1
0.1375 1
0.14375 1
0.15 1.00001
0.15625 1.00001
0.1625 1.00002
0.16875 1.00002
0.175 1.00002
0.18125 1.00002
0.187499 0.999991
0.193749 0.999917
0.199999 0.999757
0.20625 0.999443
0.212502 0.998875
0.218756 0.99791
0.225014 0.996353
0.231278 0.99396
0.237554 0.990439
0.243845 0.985469
0.25016 0.978729
0.256508 0.969937
0.2629 0.958899
0.269348 0.945532
0.275866 0.929884
0.282466 0.912135
0.289164 0.89258
0.295971 0.871585
0.302898 0.849475
0.309953 0.826375
0.317146 0.802128
0.32449 0.776375
0.332007 0.748755
0.339725 0.719091
0.347674 0.687477
0.355889 0.654277
0.364406 0.620144
0.373258 0.586037
0.382472 0.553287
0.392067 0.523432
0.402031 0.49816
0.412322 0.479454
0.422859 0.470274
0.433473 0.473413
0.443909 0.486842
0.454013 0.499779
0.463836 0.496553
0.473802 0.467737
0.484689 0.418442
0.496846 0.363592
0.509715 0.295792
0.526428 0.23228
0.544705 0.345901
0.556803 0.482512
0.561911 0.488996
0.582623 0.400717
0.602814 0.3026
0.620818 0.418241
0.618831 0.485548
0.713222 0.396979
0.579106 0.00874257
0.6482 0.360036
0.657236 0.40206
0.67428 0.400116
0.700514 0.399248
0.686097 0.418442
0.729238 0.374201
0.74247 0.401926
0.756181 0.335683
0.774773 0.252114
0.794977 0.383376
0.806772 0.539613
0.815482 0.530385
0.828389 0.344922
0.850082 0.196851
0.874975 0.17984
0.899997 0.179401
0.925 0.179488
0.95 0.1795
0.975 0.1795
1 0.1795
1.025 0.1795
1.05 0.1795
1.075 0.1795
1.1 0.1795
1.125 0.1795
1.15 0.1795
1.175 0.1795
1.2 0.1795
1.225 0.1795
1.25 0.1795
1.275 0.1795
1.3 0.1795
1.325 0.1795
1.35 0.1795
end.
