begin.
-0.09375 1
-0.0875 1
-0.08125 1
-0.075 1
-0.06875 1
-0.0625 1
-0.05625 1
-0.05 1
-0.04375 1
-0.0375 1
-0.03125 1
-0.025 1
-0.01875 1
-0.0125 1
-0.00625 1
1.3267e-18 1
0.00625 1
0.0125 1
0.01875 1
0.025 1
0.03125 1
0.0375 1
0.04375 1
0.05 1
0.05625 1
0.0625 1
0.06875 1
0.075 1
0.08125 1
0.0875 1
0.09375 1
0.1 1
0.10625 1
0.1125 1
0.11875 1
0.125 1
0.13125 1
0.1375 1
0.14375 1
0.15 1
0.15625 1
0.1625 1
0.16875 1
0.175 1
0.18125 1
0.1875 1
0.19375 1
0.2 1
0.20625 1.00001
0.2125 1.00002
0.21875 1.00002
0.225 1.00003
0.23125 1.00004
0.237499 1.00003
0.243749 0.999992
0.249999 0.999873
0.256249 0.999604
0.2625 0.99907
0.268753 0.998099
0.275009 0.996448
0.281273 0.9938
0.287548 0.989764
0.293842 0.9839
0.300163 0.975774
0.306524 0.96502
0.31294 0.951381
0.319426 0.934736
0.326001 0.915122
0.332683 0.892767
0.339494 0.868046
0.346449 0.841283
0.353562 0.812476
0.36085 0.781287
0.368347 0.747336
0.376098 0.710663
0.384147 0.671807
0.392531 0.631404
0.401296 0.590199
0.410503 0.549783
0.420202 0.51314
0.430382 0.484787
0.440929 0.470064
0.451597 0.473415
0.462066 0.492039
0.471973 0.510784
0.481715 0.508829
0.491187 0.469223
0.502215 0.426962
0.518394 0.414512
0.551286 0.241104
0.565323 0.460084
0.572497 0.471452
0.584018 0.339194
0.615967 0.419096
0.686866 0.551756
0.518918 0.00482542
0.603998 0.349695
0.630016 0.532284
0.637362 0.548552
0.649897 0.31988
0.686478 0.529568
0.702298 0.378313
0.722351 0.297455
0.738588 0.505219
0.746746 0.552901
0.757375 0.438836
0.775577 0.232124
0.799963 0.18192
0.824993 0.179355
0.85 0.17947
0.875 0.179499
0.9 0.1795
0.925 0.1795
0.95 0.1795
0.975 0.1795
1 0.1795
1.025 0.1795
1.05 0.1795
1.075 0.1795
1.1 0.1795
1.125 0.1795
1.15 0.1795
1.175 0.1795
1.2 0.1795
1.225 0.1795
1.25 0.1795
1.275 0.1795
1.3 0.1795
1.325 0.1795
1.35 0.1795
end.
