begin.
-0.624202 1.00061
-0.601294 1.00275
-0.598271 1.00423
-0.596985 1.00284
-0.594563 1.00068
-0.593055 0.99994
-0.590779 0.999942
-0.589221 0.999946
-0.587004 0.999934
-0.585408 0.999904
-0.583167 0.99989
-0.581553 0.999882
-0.579314 0.999872
-0.577676 0.999868
-0.575442 0.999872
-0.573805 0.999869
-0.571574 0.999867
-0.569915 0.99987
-0.567722 0.999873
-0.566021 0.999884
-0.56388 0.999912
-0.562148 0.999946
-0.560126 0.999962
-0.558314 0.99997
-0.556391 0.99998
-0.554505 0.999983
-0.552659 0.999987
-0.550714 0.999976
-0.548917 0.999969
-0.546906 0.999959
-0.545157 0.999952
-0.54308 0.999947
-0.541386 0.999941
-0.539248 0.999936
-0.537597 0.999926
-0.535416 0.999915
-0.533774 0.999912
-0.531575 0.999914
-0.529951 0.999917
-0.527733 0.99993
-0.526144 0.999929
-0.523924 0.999918
-0.522304 0.999913
-0.52011 0.999904
-0.518451 0.999906
-0.516272 0.999912
-0.51463 0.999904
-0.512422 0.9999
-0.510795 0.999908
-0.508569 0.999921
-0.506984 0.999932
-0.504733 0.999937
-0.503209 0.999908
-0.500887 0.999897
-0.499336 0.999912
-0.497098 0.999914
-0.495442 0.999935
-0.49334 0.999934
-0.491606 0.999914
-0.489523 0.999917
-0.487765 0.999921
-0.485717 0.999933
-0.483918 0.999956
-0.481955 0.999973
-0.480113 0.999985
-0.47821 0.999997
-0.476349 0.999998
-0.474465 0.999998
-0.472595 0.999993
-0.470712 0.999988
-0.468833 0.999983
-0.466947 0.99998
-0.465064 0.999978
-0.463178 0.999979
-0.461293 0.99998
-0.459409 0.999982
-0.457526 0.999985
-0.455645 0.999988
-0.453765 0.99999
-0.451885 0.999992
-0.450007 0.999994
-0.44813 0.999996
-0.446253 0.999997
-0.444377 0.999998
-0.442501 0.999999
-0.440626 0.999999
-0.438751 0.999999
-0.436875 1
-0.435 1
-0.433125 1
-0.43125 1
-0.429375 1
-0.4275 1
-0.425625 1
-0.42375 1
-0.421875 1
-0.42 1
-0.418125 1
-0.41625 1
-0.414375 1
-0.4125 1
-0.410625 1
-0.40875 1
-0.406875 1
-0.405 1
-0.403125 1
-0.40125 1
-0.399375 1
-0.3975 1
-0.395625 1
-0.39375 1
-0.391875 1
-0.39 1
-0.388125 1
-0.38625 1
-0.384375 1
-0.3825 1
-0.380625 1
-0.37875 1
-0.376875 1
-0.375 1
-0.373125 1
-0.37125 1
-0.369375 1
-0.3675 1
-0.365625 1
-0.36375 1
-0.361875 1
-0.36 1
-0.358125 1
-0.35625 1
-0.354375 1
-0.3525 1
-0.350625 1
-0.34875 1
-0.346875 1
-0.345 1
-0.343125 1
-0.34125 1
-0.339375 1
-0.3375 1
-0.335625 1
-0.33375 1
-0.331875 1
-0.33 1
-0.328125 1
-0.32625 1
-0.324375 1
-0.3225 1
-0.320625 1
-0.31875 1
-0.316875 1
-0.315 1
-0.313125 1
-0.31125 1
-0.309375 1
-0.3075 1
-0.305625 1
-0.30375 1
-0.301875 1
-0.3 1
-0.298125 1
-0.29625 1
-0.294375 1
-0.2925 1
-0.290625 1
-0.28875 1
-0.286875 1
-0.285 1
-0.283125 1
-0.28125 1
-0.279375 1
-0.2775 1
-0.275625 1
-0.27375 1
-0.271875 1
-0.27 1
-0.268125 1
-0.26625 1
-0.264375 1
-0.2625 1
-0.260625 1
-0.25875 1
-0.256875 1
-0.255 1
-0.253125 1
-0.25125 1
-0.249375 1
-0.2475 1
-0.245625 1
-0.24375 1
-0.241875 1
-0.24 1
-0.238125 1
-0.23625 1
-0.234375 1
-0.2325 1
-0.230625 1
-0.22875 1
-0.226875 1
-0.225 1
-0.223125 1
-0.22125 1
-0.219375 1
-0.2175 1
-0.215625 1
-0.21375 1
-0.211875 1
-0.21 1
-0.208125 1
-0.20625 1
-0.204375 1
-0.2025 1
-0.200625 1
-0.19875 1
-0.196875 1
-0.195 1
-0.193125 1
-0.19125 1
-0.189375 1
-0.1875 1
-0.185625 1
-0.18375 1
-0.181875 1
-0.18 1
-0.178125 1
-0.17625 1
-0.174375 1
-0.1725 1
-0.170625 1
-0.16875 1
-0.166875 1
-0.165 1
-0.163125 1
-0.16125 1
-0.159376 1
-0.157501 1
-0.155626 1
-0.15375 0.999999
-0.151874 0.999998
-0.149998 0.999996
-0.14812 0.999993
-0.146241 0.999989
-0.14436 0.999984
-0.142476 0.999978
-0.140589 0.999971
-0.138697 0.999962
-0.136804 0.999953
-0.134899 0.999942
-0.133002 0.99993
-0.131077 0.999917
-0.129178 0.999893
-0.127223 0.999844
-0.125282 0.999738
-0.123215 0.999564
-0.12105 0.999366
-0.118746 0.999178
-0.116331 0.999051
-0.113861 0.998982
-0.111354 0.998938
-0.108816 0.998916
-0.106273 0.998903
-0.103715 0.998883
-0.101137 0.99887
-0.0985553 0.998858
-0.0959547 0.998838
-0.0933349 0.998826
-0.0907116 0.998812
-0.0880661 0.998793
-0.0854053 0.998783
-0.0827404 0.998769
-0.0800521 0.998753
-0.0773543 0.998746
-0.0746507 0.998731
-0.071924 0.998719
-0.0691937 0.998713
-0.0664541 0.998698
-0.0636942 0.99869
-0.0609356 0.998683
-0.0581626 0.99867
-0.0553754 0.998666
-0.0525917 0.998658
-0.0497896 0.998648
-0.0469832 0.998648
-0.0441797 0.998641
-0.04136 0.998639
-0.0385507 0.998645
-0.0357445 0.998643
-0.032933 0.998638
-0.0300941 0.998444
-0.0267747 0.998089
-0.0229831 0.998076
-0.0197256 0.998428
-0.0168725 0.998455
-0.013561 0.998123
-0.00981566 0.998103
-0.00654368 0.998362
-0.00349478 0.998315
-4.47944e-06 0.998123
0.00350537 0.998235
0.00666512 0.998306
0.0100244 0.998175
0.0135358 0.998212
0.0167656 0.998279
0.0201162 0.998197
0.0235638 0.998234
0.0268039 0.998252
0.0302198 0.998204
0.0335742 0.998244
0.036882 0.998216
0.0403309 0.998222
0.0436023 0.998236
0.0470282 0.99822
0.0503374 0.998251
0.0537049 0.998226
0.0570552 0.998246
0.0604003 0.998243
0.0638029 0.998301
0.067044 0.998328
0.0707972 0.999653
0.0740791 0.180673
0.0802987 0.181859
0.0836275 0.181858
0.0901149 0.181788
0.0934285 0.181709
0.0999698 0.181633
0.103291 0.181553
0.10961 0.181456
0.112945 0.181377
0.11939 0.181291
0.122733 0.181214
0.12949 0.181165
0.132852 0.181082
0.13914 0.180994
0.14248 0.180917
0.148548 0.180778
0.151972 0.180701
0.158738 0.180684
0.16206 0.180604
0.168704 0.180529
0.172096 0.180451
0.178023 0.180321
0.181417 0.180243
0.188614 0.180009
0.194109 0.179968
0.198284 0.179885
0.20555 0.180054
0.208941 0.179972
0.214764 0.17989
0.217942 0.179802
0.225 0.1795
0.2325 0.1795
0.24 0.1795
0.2475 0.1795
0.255 0.1795
0.2625 0.1795
0.27 0.1795
0.2775 0.1795
0.285 0.1795
0.2925 0.1795
0.3 0.1795
0.3075 0.1795
0.315 0.1795
0.3225 0.1795
0.33 0.1795
0.3375 0.1795
0.345 0.1795
0.3525 0.1795
0.36 0.1795
0.3675 0.1795
0.375 0.1795
0.3825 0.1795
0.39 0.1795
0.3975 0.1795
0.405 0.1795
0.4125 0.1795
0.42 0.1795
0.4275 0.1795
0.435 0.1795
0.4425 0.1795
0.45 0.1795
0.4575 0.1795
0.465 0.1795
0.4725 0.1795
0.48 0.1795
0.4875 0.1795
0.495 0.1795
0.5025 0.1795
0.51 0.1795
0.5175 0.1795
0.525 0.1795
0.5325 0.1795
0.54 0.1795
0.5475 0.1795
0.555 0.1795
0.5625 0.1795
0.57 0.1795
0.5775 0.1795
0.585 0.1795
0.5925 0.1795
end.
