begin.
-0.928466 1.00079
-0.832878 1.00059
-1.31893 0.987094
-0.820696 0.990584
-0.989783 0.883925
-0.599373 0.891967
-0.597921 0.90951
-0.596573 0.955998
-0.593961 0.999387
-0.592547 0.999603
-0.590158 0.999883
-0.588647 0.999878
-0.586307 0.999899
-0.584779 0.999913
-0.582507 0.999902
-0.580911 0.999887
-0.578669 0.999886
-0.577029 0.999893
-0.574832 0.999902
-0.573169 0.999907
-0.571011 0.999895
-0.56932 0.999882
-0.56712 0.999904
-0.565495 0.99991
-0.563288 0.999879
-0.561644 0.999853
-0.559359 0.999865
-0.557801 0.999854
-0.555449 0.999866
-0.553895 0.999932
-0.551628 0.999985
-0.550122 0.999981
-0.547885 0.999951
-0.546301 0.999958
-0.544093 0.999959
-0.542538 0.999912
-0.540227 0.999901
-0.538683 0.999933
-0.536423 0.999938
-0.534873 0.999927
-0.53259 0.999933
-0.531059 0.999924
-0.528792 0.999893
-0.527172 0.999895
-0.524961 0.999891
-0.523329 0.999855
-0.521059 0.999839
-0.519419 0.999846
-0.51717 0.999846
-0.515515 0.99984
-0.513271 0.99984
-0.511601 0.999824
-0.509389 0.999801
-0.507594 0.999819
-0.505526 0.999815
-0.503602 0.999822
-0.501655 0.999824
-0.499631 0.999822
-0.497788 0.999798
-0.495618 0.999812
-0.493907 0.999803
-0.491642 0.999803
-0.489963 0.999817
-0.487729 0.999802
-0.486008 0.999784
-0.483773 0.999788
-0.482043 0.999764
-0.479834 0.999711
-0.477933 0.999691
-0.475853 0.999563
-0.473671 0.999451
-0.471523 0.99933
-0.469189 0.999198
-0.466836 0.999168
-0.464511 0.99907
-0.461994 0.999071
-0.459663 0.999084
-0.457214 0.998985
-0.454666 0.999055
-0.452386 0.999012
-0.449764 0.998954
-0.447325 0.999048
-0.444925 0.998937
-0.442248 0.99898
-0.439938 0.998951
-0.43724 0.998887
-0.434749 0.999008
-0.432343 0.998885
-0.429586 0.998911
-0.427209 0.998904
-0.424481 0.998897
-0.422047 0.998945
-0.419446 0.998868
-0.416864 0.998911
-0.414335 0.998911
-0.41177 0.998878
-0.409185 0.998871
-0.406604 0.998885
-0.404051 0.9989
-0.401498 0.998902
-0.398953 0.998902
-0.396412 0.998814
-0.393688 0.998833
-0.391174 0.998838
-0.388473 0.998759
-0.385794 0.998833
-0.383244 0.998797
-0.380496 0.998816
-0.377956 0.998845
-0.375287 0.998782
-0.372622 0.998854
-0.37009 0.99882
-0.367366 0.998745
-0.364685 0.998827
-0.362118 0.998772
-0.359339 0.998771
-0.356747 0.998814
-0.354076 0.998741
-0.35132 0.99883
-0.348813 0.998801
-0.346017 0.998729
-0.343357 0.998812
-0.340729 0.998739
-0.337937 0.998793
-0.335387 0.998807
-0.332647 0.998696
-0.32985 0.998807
-0.327318 0.998787
-0.324514 0.998735
-0.321852 0.998798
-0.319186 0.998706
-0.316346 0.998791
-0.313815 0.998789
-0.310988 0.998697
-0.308278 0.998777
-0.305619 0.998741
-0.302835 0.998705
-0.300106 0.998759
-0.297423 0.998744
-0.294694 0.998721
-0.291946 0.998754
-0.289293 0.998721
-0.286479 0.998731
-0.283831 0.998722
-0.281019 0.998673
-0.278261 0.998695
-0.275498 0.998632
-0.272611 0.998665
-0.269894 0.998706
-0.267097 0.998625
-0.264242 0.998659
-0.261485 0.998679
-0.258692 0.998635
-0.255838 0.998659
-0.253087 0.998649
-0.250218 0.998637
-0.247435 0.998684
-0.244664 0.99861
-0.241744 0.998616
-0.238957 0.99868
-0.236189 0.998644
-0.233327 0.998656
-0.230579 0.998643
-0.227694 0.998601
-0.224853 0.998668
-0.222101 0.998622
-0.219184 0.998598
-0.216359 0.998641
-0.213542 0.998609
-0.21065 0.998648
-0.207908 0.998658
-0.20505 0.998588
-0.202161 0.998632
-0.199377 0.998611
-0.196463 0.998595
-0.19363 0.99863
-0.1908 0.99857
-0.187839 0.998582
-0.185023 0.99862
-0.182152 0.998579
-0.179254 0.998635
-0.176488 0.998634
-0.17361 0.9986
-0.170762 0.998627
-0.167944 0.998585
-0.165009 0.998588
-0.162187 0.998624
-0.159336 0.998582
-0.156432 0.998615
-0.153636 0.998618
-0.150756 0.998594
-0.147901 0.998639
-0.145118 0.998636
-0.142264 0.998644
-0.139493 0.998668
-0.136694 0.998617
-0.133821 0.99862
-0.131017 0.998615
-0.128142 0.998593
-0.125284 0.998632
-0.122491 0.998627
-0.119631 0.998618
-0.116816 0.998633
-0.113989 0.998596
-0.1111 0.998609
-0.10829 0.998635
-0.105466 0.99859
-0.102531 0.998361
-0.0990932 0.998054
-0.0953614 0.998126
-0.092193 0.99838
-0.0891143 0.998231
-0.0854521 0.998047
-0.0819473 0.998239
-0.0788376 0.998264
-0.0753294 0.998087
-0.0717611 0.99824
-0.0686994 0.998352
-0.0653697 0.998105
-0.0615651 0.998094
-0.0582968 0.998423
-0.0553741 0.998387
-0.0518769 0.998075
-0.0481242 0.998196
-0.0450378 0.99849
-0.0420205 0.998305
-0.0383159 0.99807
-0.0347509 0.998328
-0.0317833 0.998458
-0.0284781 0.998186
-0.024739 0.998176
-0.02149 0.998419
-0.0184081 0.998336
-0.0148393 0.998157
-0.0113262 0.99831
-0.00821501 0.998402
-0.00488645 0.998231
-0.00129159 0.998226
0.00198253 0.998381
0.00517543 0.99831
0.00869543 0.998211
0.0121029 0.998336
0.0152771 0.998347
0.0187031 0.998227
0.0221737 0.998303
0.0253751 0.998355
0.0287357 0.998245
0.0322336 0.998274
0.0354864 0.998348
0.0387973 0.998277
0.042251 0.998276
0.0455398 0.99832
0.048882 0.998259
0.0523437 0.998264
0.0556496 0.998314
0.0589811 0.998272
0.0624057 0.998279
0.0657026 0.998314
0.0690382 0.998271
0.0724528 0.99828
0.0757466 0.998312
0.0790833 0.998271
0.0824886 0.998268
0.0858191 0.998275
0.0892102 0.998257
0.0925824 0.998289
0.0958785 0.998286
0.0992674 0.998267
0.102605 0.998283
0.105949 0.998237
0.109424 0.998218
0.112802 0.998251
0.116175 0.998265
0.119512 0.998311
0.122764 0.998296
0.126152 0.998255
0.129501 0.998266
0.13286 0.998255
0.136231 0.998285
0.139503 0.998255
0.142984 0.998191
0.146404 0.998258
0.149685 0.998299
0.153009 0.998286
0.156326 0.998242
0.159775 0.998233
0.163097 0.998269
0.166452 0.998221
0.169914 0.998215
0.173269 0.998239
0.176661 0.998253
0.179974 0.998274
0.183308 0.998268
0.186639 0.998247
0.190034 0.998233
0.193388 0.998248
0.196745 0.998218
0.200186 0.99822
0.203525 0.998216
0.206979 0.998254
0.210204 0.998325
0.213478 0.998269
0.216866 0.998236
0.22022 0.998219
0.223653 0.998219
0.226989 0.998235
0.230401 0.998149
0.233992 0.998142
0.23738 0.998256
0.240646 0.998327
0.243869 0.998354
0.247075 0.998264
0.250565 0.998203
0.253918 0.998173
0.257542 0.998087
0.261084 0.998368
0.26398 0.998525
0.267236 0.998332
0.270768 0.998826
0.274086 1.00313
0.278051 0.184955
0.282914 0.187541
0.28735 0.187802
0.293821 0.187846
0.297443 0.187762
0.302778 0.187653
0.306519 0.187574
0.312837 0.187434
0.31699 0.187345
0.322364 0.1872
0.327044 0.18712
0.332376 0.187193
0.335944 0.187114
0.341641 0.186952
0.345701 0.186873
0.351646 0.186802
0.355661 0.18672
0.362281 0.186676
0.366035 0.186592
0.371189 0.186517
0.374887 0.186434
0.381515 0.186338
0.385264 0.186248
0.391055 0.18606
0.395506 0.185973
0.400905 0.185937
0.404966 0.185857
0.410121 0.18583
0.413905 0.185758
0.420565 0.185591
0.424962 0.185506
0.430298 0.18557
0.433785 0.185553
0.437696 0.186067
0.439616 0.18618
0.442863 0.185438
0.447209 0.185526
0.450112 0.185245
0.455545 0.184994
0.459127 0.184979
0.463826 0.185003
0.467345 0.185086
0.47066 0.185332
0.47355 0.185585
0.476194 0.185864
0.478552 0.185875
0.480697 0.185207
0.489045 0.184381
0.485167 0.18456
0.493783 0.184938
0.502397 0.184647
0.505868 0.184435
0.496289 0.184748
0.511596 0.184861
0.509765 0.18506
0.51545 0.184238
0.519511 0.184366
0.523454 0.18491
0.524032 0.184603
0.529028 0.183612
0.53203 0.183582
0.535183 0.183487
0.538684 0.183537
0.542485 0.184085
0.549808 0.183852
0.545205 0.183688
0.551484 0.184154
0.557198 0.183852
0.555239 0.184266
0.565353 0.183488
0.561975 0.183434
0.569189 0.184385
0.578058 0.183742
0.573741 0.183745
0.583615 0.184157
0.570819 0.184158
0.581706 0.183473
0.590203 0.18257
0.594504 0.184671
0.596636 0.183395
end.
