begin.
-0.708662 1.00061
-0.691354 1.00058
-0.601879 0.990182
-0.59929 0.9997
-0.597477 0.996521
-0.595293 1.00107
-0.593547 0.999754
-0.591427 0.999944
-0.589741 0.999905
-0.587567 0.999899
-0.585912 0.9999
-0.583708 0.999903
-0.58208 0.999902
-0.579857 0.999907
-0.578244 0.999908
-0.576035 0.999891
-0.574375 0.999896
-0.572179 0.99992
-0.570559 0.999918
-0.568362 0.999895
-0.566695 0.999896
-0.564516 0.999922
-0.562855 0.999941
-0.560735 0.999931
-0.559026 0.99991
-0.556915 0.99991
-0.555162 0.999941
-0.553124 0.999972
-0.551373 0.999977
-0.549368 0.999977
-0.547578 0.999985
-0.545625 0.999982
-0.543808 0.999952
-0.541841 0.999945
-0.539972 0.999953
-0.538092 0.999941
-0.536133 0.99991
-0.534298 0.999888
-0.532233 0.999882
-0.530483 0.999868
-0.528313 0.999867
-0.526642 0.999862
-0.524414 0.999859
-0.522763 0.999873
-0.520531 0.999888
-0.518918 0.999881
-0.516677 0.99987
-0.515029 0.999881
-0.512827 0.999889
-0.511157 0.999891
-0.508987 0.999905
-0.507295 0.999926
-0.505195 0.999932
-0.50345 0.999927
-0.501409 0.999932
-0.499591 0.999951
-0.497654 0.999959
-0.495773 0.999946
-0.493876 0.999955
-0.491938 0.999971
-0.490143 0.999965
-0.488133 0.999933
-0.486353 0.999927
-0.484265 0.999949
-0.482598 0.99995
-0.480445 0.99993
-0.478801 0.999917
-0.4766 0.999909
-0.474982 0.999902
-0.472739 0.999908
-0.471155 0.999913
-0.468902 0.999918
-0.46732 0.999927
-0.465094 0.999924
-0.463491 0.999919
-0.461272 0.999918
-0.459662 0.999913
-0.457443 0.999909
-0.455818 0.99991
-0.453621 0.999897
-0.451976 0.999886
-0.449743 0.999901
-0.448141 0.999922
-0.445903 0.999934
-0.444347 0.999924
-0.442077 0.999919
-0.440504 0.999949
-0.438281 0.999971
-0.436727 0.999958
-0.434502 0.999936
-0.432914 0.999918
-0.430689 0.999906
-0.429046 0.999922
-0.426879 0.999922
-0.425245 0.999894
-0.423005 0.999893
-0.421398 0.999912
-0.41917 0.999912
-0.417581 0.999885
-0.415311 0.999865
-0.413694 0.999866
-0.411454 0.999867
-0.409788 0.999878
-0.407616 0.999896
-0.405898 0.999929
-0.403834 0.999952
-0.402063 0.999974
-0.400087 0.999987
-0.398289 0.999971
-0.39633 0.999962
-0.394475 0.999965
-0.392579 0.999962
-0.390664 0.999966
-0.388806 0.999968
-0.386896 0.999955
-0.385 0.999953
-0.383115 0.999951
-0.381197 0.999954
-0.379316 0.999968
-0.377421 0.999976
-0.375542 0.999981
-0.373652 0.99998
-0.371781 0.999968
-0.369869 0.999957
-0.367996 0.999947
-0.366072 0.999941
-0.364184 0.999943
-0.362275 0.999947
-0.360375 0.999955
-0.358487 0.999964
-0.356588 0.999972
-0.354711 0.999977
-0.352819 0.999978
-0.350939 0.999975
-0.34905 0.999971
-0.347161 0.999965
-0.34527 0.999961
-0.343374 0.999958
-0.341481 0.999958
-0.339585 0.999959
-0.337692 0.999963
-0.3358 0.999968
-0.333911 0.999973
-0.332024 0.999978
-0.33014 0.999983
-0.328258 0.999987
-0.326377 0.999989
-0.324498 0.999989
-0.322618 0.999989
-0.320738 0.999987
-0.318856 0.999985
-0.316974 0.999983
-0.315091 0.999981
-0.313206 0.999979
-0.311321 0.999978
-0.309435 0.999977
-0.307549 0.999976
-0.305662 0.999975
-0.303775 0.999974
-0.301888 0.999973
-0.3 0.999971
-0.298111 0.99997
-0.296221 0.999968
-0.29433 0.999965
-0.292437 0.999962
-0.290544 0.999959
-0.288648 0.999956
-0.286753 0.999953
-0.284852 0.999949
-0.282957 0.999947
-0.281047 0.999944
-0.279161 0.999944
-0.277234 0.999944
-0.275376 0.99995
-0.27341 0.999948
-0.271622 0.999943
-0.269551 0.999928
-0.267867 0.999868
-0.265625 0.999827
-0.26394 0.999761
-0.261692 0.999636
-0.259729 0.999564
-0.257561 0.999342
-0.255191 0.999193
-0.252869 0.999106
-0.250412 0.998973
-0.247862 0.998974
-0.245421 0.998961
-0.242877 0.998909
-0.240321 0.998948
-0.237859 0.998937
-0.235292 0.998903
-0.232752 0.998945
-0.23027 0.998917
-0.227687 0.998899
-0.225154 0.998929
-0.222641 0.998896
-0.220045 0.998886
-0.217506 0.998907
-0.214959 0.99887
-0.212349 0.998871
-0.209796 0.99888
-0.207215 0.998846
-0.204592 0.998851
-0.202019 0.998852
-0.199405 0.998822
-0.19677 0.998832
-0.194174 0.998824
-0.191531 0.998801
-0.188885 0.998812
-0.186263 0.998799
-0.183596 0.998783
-0.180938 0.998793
-0.178291 0.998775
-0.175603 0.998767
-0.172934 0.998773
-0.17026 0.998755
-0.167555 0.998752
-0.164873 0.998754
-0.162174 0.998736
-0.159456 0.998738
-0.156758 0.998735
-0.154037 0.99872
-0.151307 0.998724
-0.148593 0.998717
-0.145851 0.998706
-0.143112 0.99871
-0.140378 0.998699
-0.137619 0.998694
-0.134871 0.998696
-0.132118 0.998684
-0.129346 0.998683
-0.126588 0.998682
-0.123815 0.998671
-0.121033 0.998673
-0.118262 0.998668
-0.115472 0.99866
-0.112683 0.998662
-0.109898 0.998655
-0.107094 0.998651
-0.104298 0.998653
-0.101498 0.998644
-0.0986849 0.998644
-0.0958825 0.998644
-0.0930704 0.998637
-0.0902541 0.998641
-0.0874487 0.99864
-0.0846328 0.998639
-0.081824 0.998646
-0.0790236 0.998645
-0.0762141 0.998647
-0.0734151 0.99865
-0.0706127 0.998644
-0.067801 0.998645
-0.0649995 0.998646
-0.062192 0.998631
-0.0593388 0.998444
-0.0560482 0.998133
-0.0523999 0.998161
-0.0492593 0.998411
-0.0462376 0.998255
-0.0425593 0.998015
-0.0389582 0.998274
-0.0360266 0.998497
-0.0329253 0.998223
-0.0291777 0.998047
-0.0256995 0.998329
-0.022747 0.998444
-0.0194765 0.998175
-0.0157758 0.998141
-0.012498 0.998382
-0.00944268 0.998324
-0.00592005 0.99813
-0.00238871 0.998264
0.000733279 0.998357
0.00406343 0.998201
0.00761818 0.998217
0.0108568 0.998334
0.0141101 0.998248
0.0176161 0.998203
0.0209464 0.998292
0.0242093 0.998257
0.0276637 0.998214
0.0310162 0.998275
0.0342985 0.998254
0.0377309 0.99822
0.0410822 0.998265
0.0443883 0.998247
0.0478026 0.998236
0.0511168 0.998263
0.0544651 0.998226
0.0578831 0.99824
0.0611747 0.998256
0.0645602 0.998227
0.0679244 0.998245
0.071253 0.998225
0.0746806 0.998239
0.0779581 0.998257
0.081344 0.998219
0.0847178 0.998252
0.0880138 0.998228
0.0914625 0.998221
0.0947586 0.998246
0.0981492 0.99823
0.101482 0.998257
0.104798 0.998233
0.10821 0.998222
0.111541 0.998234
0.11492 0.998233
0.118251 0.998224
0.12167 0.998227
0.124977 0.998236
0.128376 0.998225
0.131718 0.998251
0.13506 0.998242
0.1384 0.998258
0.141735 0.998265
0.145095 0.998271
0.148475 0.998665
0.151691 1.00088
0.156383 0.182342
0.160497 0.184072
0.165942 0.18415
0.170234 0.184074
0.175933 0.184011
0.180109 0.183928
0.185749 0.183859
0.18984 0.183782
0.195581 0.183703
0.199654 0.183619
0.205218 0.183523
0.209404 0.183445
0.21504 0.183389
0.219058 0.18331
0.224899 0.183215
0.229025 0.183133
0.234666 0.183046
0.238835 0.182964
0.244437 0.182889
0.248563 0.182808
0.254288 0.182757
0.25821 0.182675
0.264124 0.18257
0.268192 0.182485
0.273888 0.182399
0.277976 0.182318
0.283628 0.182274
0.287483 0.1822
0.293579 0.182039
0.298067 0.181957
0.303273 0.181941
0.307276 0.181867
0.312944 0.181863
0.3165 0.181791
0.322977 0.18156
0.327755 0.181481
0.332744 0.181461
0.336956 0.181386
0.342493 0.181384
0.346234 0.181312
0.351971 0.18128
0.355335 0.181208
0.362265 0.180969
0.366943 0.180895
0.372049 0.1809
0.376078 0.180826
0.381691 0.180846
0.385136 0.180766
0.391673 0.180503
0.396498 0.180425
0.401396 0.180472
0.405206 0.180397
0.411211 0.180326
0.414984 0.18025
0.421116 0.180027
0.428614 0.180025
0.434523 0.180041
0.438339 0.179957
0.445657 0.180032
0.449266 0.179946
0.455425 0.179711
0.46011 0.179621
0.464999 0.1795
0.4725 0.1795
0.48 0.1795
0.4875 0.1795
0.495 0.1795
0.5025 0.1795
0.51 0.1795
0.5175 0.1795
0.525 0.1795
0.5325 0.1795
0.54 0.1795
0.5475 0.1795
0.555 0.1795
0.5625 0.1795
0.57 0.1795
0.5775 0.1795
0.585 0.1795
0.5925 0.1795
end.
