begin.
-0.09375 1
-0.0875 1
-0.08125 1
-0.075 1
-0.06875 1
-0.0625 1
-0.05625 1
-0.05 1
-0.04375 1
-0.0375 1
-0.03125 1
-0.025 1
-0.01875 1
-0.0125 1
-0.00625 1
2.30792e-18 1
0.00625 1
0.0125 1
0.01875 1
0.025 1
0.03125 1
0.0375 1
0.04375 1
0.05 1
0.05625 1
0.0625 1
0.06875 1
0.075 1
0.08125 1
0.0875 1
0.09375 1
0.1 1
0.10625 1
0.1125 1
0.11875 1
0.125 1
0.13125 1
0.1375 1
0.14375 1
0.15 1
0.15625 1
0.1625 1
0.16875 1
0.175 1
0.18125 1
0.1875 1
0.19375 1
0.2 1
0.20625 1
0.2125 1
0.21875 1
0.225 1
0.23125 1.00001
0.2375 1.00001
0.24375 1.00002
0.25 1.00003
0.25625 1.00004
0.262499 1.00006
0.268749 1.00005
0.274999 0.999995
0.281248 0.999834
0.287498 0.999465
0.29375 0.998727
0.300004 0.997383
0.306263 0.995093
0.312531 0.991416
0.318816 0.985842
0.325127 0.977851
0.331478 0.966961
0.337883 0.952764
0.34436 0.93497
0.350931 0.913517
0.357624 0.888638
0.364464 0.860722
0.371467 0.829918
0.378651 0.79595
0.386053 0.758368
0.393733 0.717214
0.401752 0.67328
0.410149 0.627525
0.418976 0.58106
0.428322 0.536002
0.438242 0.496829
0.448711 0.471248
0.459484 0.470059
0.470105 0.498088
0.480007 0.550408
0.488785 0.592073
0.499503 0.551541
0.521405 0.194094
0.546073 0.206112
0.562694 0.411299
0.572891 0.483924
0.60335 0.438453
0.658868 0.489179
0.501624 0.0182934
0.578997 0.491508
0.607975 0.497621
0.62169 0.320152
0.653429 0.396891
0.674606 0.314444
0.695018 0.390131
0.70632 0.539755
0.715374 0.527964
0.728155 0.34357
0.750048 0.195429
0.774977 0.1797
0.799998 0.179408
0.825 0.179492
0.85 0.1795
0.875 0.1795
0.9 0.1795
0.925 0.1795
0.95 0.1795
0.975 0.1795
1 0.1795
1.025 0.1795
1.05 0.1795
1.075 0.1795
1.1 0.1795
1.125 0.1795
1.15 0.1795
1.175 0.1795
1.2 0.1795
1.225 0.1795
1.25 0.1795
1.275 0.1795
1.3 0.1795
1.325 0.1795
1.35 0.1795
end.
