begin.
-0.697145 1.00061
-0.670138 1.00058
-0.601551 0.999432
-0.598749 1.00447
-0.597176 1.00058
-0.594895 1.00083
-0.593293 0.999924
-0.591055 0.999899
-0.589451 0.9999
-0.5872 0.999909
-0.585628 0.999909
-0.583354 0.999914
-0.581791 0.999928
-0.579552 0.999919
-0.577963 0.999908
-0.575703 0.999923
-0.574145 0.999929
-0.571899 0.999923
-0.570294 0.999947
-0.568107 0.999969
-0.566519 0.999952
-0.564325 0.999929
-0.562681 0.999923
-0.560533 0.99991
-0.558822 0.999895
-0.556708 0.999906
-0.55494 0.999921
-0.552944 0.999916
-0.551045 0.999906
-0.549173 0.999894
-0.54713 0.999886
-0.545382 0.999866
-0.54319 0.99987
-0.541544 0.999882
-0.539312 0.999881
-0.537689 0.999887
-0.535447 0.999893
-0.533846 0.999891
-0.531594 0.999888
-0.529977 0.999903
-0.527762 0.999906
-0.526141 0.999899
-0.523906 0.999911
-0.52231 0.999914
-0.520089 0.999905
-0.518443 0.999911
-0.51628 0.999918
-0.514596 0.999923
-0.512476 0.999938
-0.510748 0.999961
-0.508731 0.999967
-0.506937 0.999956
-0.50497 0.999955
-0.503101 0.999964
-0.501224 0.999973
-0.499297 0.999964
-0.497468 0.999959
-0.495469 0.999955
-0.493717 0.999936
-0.491643 0.999909
-0.489891 0.999913
-0.487775 0.999943
-0.486114 0.999949
-0.483969 0.999928
-0.482302 0.999915
-0.480132 0.999908
-0.478477 0.9999
-0.476273 0.999902
-0.474645 0.999905
-0.472425 0.999906
-0.470814 0.999905
-0.468577 0.999909
-0.46698 0.999921
-0.464743 0.999941
-0.463174 0.999951
-0.460952 0.999952
-0.45937 0.999946
-0.457171 0.999934
-0.455534 0.999939
-0.453376 0.999934
-0.451735 0.999901
-0.449523 0.999893
-0.447879 0.99991
-0.445694 0.999903
-0.444045 0.99989
-0.441814 0.999898
-0.440237 0.999885
-0.437936 0.999877
-0.436358 0.99989
-0.434106 0.999881
-0.432494 0.999854
-0.430224 0.999854
-0.428572 0.99989
-0.426397 0.999906
-0.424718 0.999902
-0.422565 0.999918
-0.420862 0.999949
-0.418797 0.999966
-0.417047 0.999967
-0.415051 0.999964
-0.413237 0.999953
-0.411288 0.999946
-0.409401 0.999961
-0.40752 0.999969
-0.405626 0.999959
-0.403717 0.999961
-0.401859 0.999953
-0.399913 0.999953
-0.398057 0.999969
-0.396144 0.999976
-0.394273 0.999981
-0.392382 0.999979
-0.390509 0.999965
-0.388598 0.999954
-0.386719 0.999944
-0.384798 0.999939
-0.382903 0.999943
-0.381003 0.999949
-0.379095 0.99996
-0.377218 0.99997
-0.375316 0.999976
-0.373444 0.99998
-0.371552 0.999978
-0.36967 0.999973
-0.367782 0.999968
-0.365889 0.999962
-0.363998 0.999959
-0.3621 0.999957
-0.360208 0.999959
-0.358311 0.999962
-0.356421 0.999967
-0.35453 0.999973
-0.352644 0.999978
-0.35076 0.999984
-0.348878 0.999988
-0.346998 0.99999
-0.345119 0.99999
-0.343239 0.999989
-0.341359 0.999988
-0.339479 0.999986
-0.337597 0.999984
-0.335714 0.999982
-0.33383 0.999981
-0.331946 0.999981
-0.330062 0.999981
-0.328179 0.999982
-0.326296 0.999983
-0.324413 0.999985
-0.322532 0.999987
-0.320651 0.999988
-0.318771 0.99999
-0.316891 0.999992
-0.315013 0.999993
-0.313135 0.999994
-0.311257 0.999996
-0.30938 0.999997
-0.307504 0.999997
-0.305628 0.999998
-0.303752 0.999998
-0.301876 0.999999
-0.300001 0.999999
-0.298125 0.999999
-0.29625 0.999999
-0.294374 0.999999
-0.292499 0.999998
-0.290622 0.999997
-0.288746 0.999996
-0.286869 0.999995
-0.284991 0.999993
-0.283112 0.99999
-0.281231 0.999988
-0.27935 0.999985
-0.277467 0.999981
-0.275582 0.999977
-0.273695 0.999973
-0.271807 0.999969
-0.269916 0.999964
-0.268023 0.99996
-0.266126 0.999955
-0.264232 0.999951
-0.262327 0.999946
-0.260435 0.999943
-0.258515 0.999939
-0.256641 0.99994
-0.254687 0.999937
-0.252864 0.999935
-0.250833 0.999926
-0.249098 0.999887
-0.246929 0.999858
-0.245223 0.999782
-0.242992 0.999657
-0.241056 0.999557
-0.238836 0.999326
-0.236494 0.99919
-0.234151 0.99908
-0.231668 0.998971
-0.229144 0.998973
-0.226683 0.99895
-0.224135 0.998917
-0.2216 0.998945
-0.219114 0.998928
-0.216552 0.998909
-0.21402 0.998934
-0.211513 0.99891
-0.208939 0.998899
-0.2064 0.998915
-0.203866 0.998888
-0.201277 0.998881
-0.198724 0.99889
-0.196159 0.998862
-0.193552 0.99886
-0.190979 0.998862
-0.188383 0.998836
-0.185758 0.998837
-0.183162 0.998834
-0.180536 0.998812
-0.177894 0.998816
-0.175275 0.998807
-0.172622 0.99879
-0.169964 0.998795
-0.167321 0.998783
-0.164643 0.99877
-0.161971 0.998775
-0.159303 0.99876
-0.156604 0.998753
-0.153917 0.998755
-0.151225 0.99874
-0.148508 0.998736
-0.145806 0.998736
-0.14309 0.998721
-0.140359 0.998722
-0.137641 0.998717
-0.134903 0.998706
-0.132159 0.998707
-0.129424 0.9987
-0.126666 0.998691
-0.123912 0.998693
-0.121157 0.998683
-0.118384 0.998679
-0.115618 0.998679
-0.112845 0.998669
-0.110059 0.998668
-0.107282 0.998665
-0.104491 0.998656
-0.101695 0.998657
-0.0989053 0.998652
-0.0960994 0.998646
-0.0932958 0.998648
-0.0904934 0.998642
-0.0876771 0.99864
-0.0848695 0.998642
-0.0820581 0.998637
-0.079241 0.998641
-0.0764371 0.998644
-0.0736277 0.998643
-0.0708215 0.998649
-0.0680245 0.998648
-0.0652157 0.998645
-0.0624115 0.998647
-0.0596074 0.998647
-0.0567975 0.99856
-0.0537637 0.998261
-0.0501652 0.998075
-0.0467247 0.998325
-0.0438047 0.99842
-0.0405141 0.998107
-0.0367009 0.998075
-0.0334241 0.99842
-0.0305382 0.998419
-0.0271333 0.998095
-0.0233797 0.99814
-0.0201878 0.998424
-0.0171759 0.99833
-0.01363 0.998104
-0.0100684 0.998262
-0.00699179 0.998392
-0.00372163 0.998202
-0.000102085 0.998173
0.00317988 0.998335
0.00636513 0.998268
0.00988412 0.998178
0.0132668 0.998292
0.0164619 0.99829
0.0198917 0.9982
0.0233093 0.998258
0.0265601 0.998273
0.0299628 0.998212
0.033369 0.998253
0.0366424 0.998262
0.0400432 0.998218
0.0434239 0.998251
0.046724 0.998243
0.0501415 0.998229
0.0534623 0.998263
0.0567905 0.998227
0.0602149 0.998233
0.0635102 0.998248
0.0669032 0.998225
0.0702513 0.998251
0.0735723 0.998218
0.0770206 0.99823
0.080294 0.998251
0.0836907 0.99822
0.087043 0.998253
0.090354 0.998227
0.0937777 0.998227
0.0970836 0.998232
0.100503 0.998224
0.103816 0.998249
0.107167 0.998248
0.110503 0.998227
0.113895 0.998222
0.117241 0.998244
0.120586 0.99823
0.123985 0.998224
0.127315 0.998244
0.130701 0.99825
0.134039 0.998261
0.137482 0.998705
0.140442 1.00076
0.145601 0.182217
0.149001 0.183882
0.155386 0.183974
0.158761 0.183896
0.165246 0.183817
0.168599 0.183735
0.174901 0.183654
0.178295 0.183577
0.184744 0.183494
0.188089 0.183413
0.19462 0.183337
0.197967 0.183257
0.20444 0.183176
0.207787 0.183095
0.214138 0.183015
0.217499 0.182934
0.223896 0.18285
0.227234 0.18277
0.233777 0.182693
0.237125 0.182611
0.243559 0.182529
0.246911 0.182446
0.253242 0.182355
0.256574 0.182273
0.263348 0.182195
0.266785 0.182113
0.27295 0.182034
0.27629 0.181959
0.28243 0.181842
0.285814 0.181767
0.292807 0.181718
0.296352 0.181638
0.302499 0.181572
0.305918 0.181499
0.311996 0.181415
0.315317 0.181341
0.321245 0.181158
0.324875 0.181086
0.332139 0.181094
0.335835 0.181022
0.341722 0.180995
0.345055 0.180921
0.350896 0.180752
0.354393 0.180675
0.361535 0.180673
0.365088 0.180593
0.370996 0.180522
0.374345 0.180447
0.380753 0.180369
0.384077 0.180291
0.391118 0.180027
0.398584 0.180133
0.402623 0.180047
0.408276 0.179855
0.414762 0.179985
0.418147 0.179898
0.425008 0.179919
0.428198 0.179829
0.435 0.1795
0.4425 0.1795
0.45 0.1795
0.4575 0.1795
0.465 0.1795
0.4725 0.1795
0.48 0.1795
0.4875 0.1795
0.495 0.1795
0.5025 0.1795
0.51 0.1795
0.5175 0.1795
0.525 0.1795
0.5325 0.1795
0.54 0.1795
0.5475 0.1795
0.555 0.1795
0.5625 0.1795
0.57 0.1795
0.5775 0.1795
0.585 0.1795
0.5925 0.1795
end.
