begin.
-0.09375 1
-0.0875 1
-0.08125 1
-0.075 1
-0.06875 1
-0.0625 1
-0.05625 1
-0.05 1
-0.04375 1
-0.0375 1
-0.03125 1
-0.025 1
-0.01875 1
-0.0125 1
-0.00625 1
-0.000746315 1.0212
0.00580145 0.95646
0.012445 0.969309
0.0188362 0.993329
0.0251164 0.955382
0.0314463 0.984307
0.0378237 0.945174
0.0443116 0.976514
0.0506835 1.01213
0.0568556 0.979033
0.0630478 1.00968
0.0692437 1.03643
0.0755006 0.994091
0.081692 1.02073
0.0880051 0.982118
0.0941619 1.014
0.100271 1.04466
0.106485 1.00548
0.112548 1.03128
0.118641 1.05166
0.124819 1.00055
0.130997 1.01657
0.137341 0.966616
0.143649 0.990075
0.149847 1.01619
0.156191 0.976894
0.162418 1.00834
0.168563 1.03879
0.174771 0.998643
0.180942 1.02397
0.186995 1.04384
0.19317 0.989748
0.199547 1.00287
0.205794 1.01546
0.212083 0.956269
0.218613 0.962101
0.225029 0.963958
0.23163 0.892569
0.238457 0.886027
0.245456 0.814364
0.252609 0.812832
0.25987 0.813817
0.267171 0.749392
0.274711 0.748711
0.282352 0.745188
0.290157 0.674205
0.298293 0.66591
0.306654 0.658486
0.31526 0.589193
0.324081 0.580648
0.333217 0.570073
0.342881 0.501041
0.352729 0.494732
0.362833 0.485996
0.373693 0.42203
0.384805 0.424939
0.395875 0.426147
0.407659 0.369728
0.419853 0.382726
0.431703 0.4054
0.443531 0.398293
0.455059 0.53091
0.463447 0.666249
0.470524 0.668727
0.47743 0.635137
0.485748 0.507721
0.499269 0.236243
0.519116 0.118274
0.557582 0.4201
0.565624 0.403879
0.587543 0.537033
0.581123 0.529473
0.594255 0.327622
0.613602 0.149327
0.547622 0.177211
0.665092 0.0883549
0.636595 0.416391
0.784478 0.452898
0.632263 0.140987
-0.148167 -0.105476
0.689861 0.233821
1.63153 0.169465
0.644674 0.472737
0.728943 0.245327
0.696777 0.329153
0.737579 0.171377
0.77689 0.426939
0.79041 0.592755
0.809026 0.573321
0.813643 0.493417
0.827187 0.51585
0.833077 0.433431
0.85505 0.0961961
0.882939 0.37155
0.900152 0.599362
0.894921 0.707205
0.908405 0.502771
0.923177 0.294293
0.949568 0.15584
0.974799 0.231785
1 0.1795
1.025 0.1795
1.05 0.1795
1.075 0.1795
1.1 0.1795
1.125 0.1795
1.15 0.1795
1.175 0.1795
1.2 0.1795
1.225 0.1795
1.25 0.1795
1.275 0.1795
1.3 0.1795
1.325 0.1795
1.35 0.1795
end.
