begin.
-0.09375 1
-0.0875 1
-0.08125 1
-0.075 1
-0.06875 1
-0.0625 1
-0.05625 1
-0.05 1
-0.04375 1
-0.0375 1
-0.03125 1
-0.025 1
-0.01875 1
-0.0125 1
-0.00625 1
1.22097e-17 1
0.00625 1
0.0125 1
0.01875 1
0.025 1
0.03125 1
0.0375 1
0.04375 1
0.05 1
0.05625 1
0.0625 1
0.06875 1
0.075 1
0.08125 1
0.0875 1
0.09375 1
0.1 1
0.10625 1
0.1125 1
0.11875 1
0.125 1
0.13125 1
0.1375 1
0.14375 1
0.15 1
0.15625 1
0.1625 1
0.16875 1
0.175 1
0.18125 1
0.1875 1
0.19375 1
0.2 1
0.20625 1
0.2125 1
0.21875 1
0.225 1
0.23125 1
0.2375 1
0.24375 1
0.25 1
0.25625 1
0.2625 1
0.26875 1
0.275 1
0.28125 1.00001
0.2875 1.00002
0.29375 1.00003
0.3 1.00005
0.30625 1.00008
0.312499 1.0001
0.318749 1.00009
0.324998 0.999981
0.331247 0.999657
0.337497 0.998922
0.34375 0.997476
0.350008 0.994855
0.356276 0.990401
0.362562 0.983327
0.36888 0.972876
0.375254 0.958445
0.381705 0.939521
0.38825 0.915517
0.394921 0.88584
0.401768 0.850272
0.408848 0.809359
0.416206 0.763937
0.423868 0.713866
0.431904 0.657872
0.440481 0.596573
0.449778 0.535757
0.459851 0.487199
0.470651 0.473214
0.481412 0.53709
0.49157 0.621169
0.502957 0.509687
0.523271 0.187822
0.546277 0.228744
0.564413 0.425562
0.603999 0.406541
0.498155 0.0395575
0.567281 0.457504
0.59393 0.305538
0.622148 0.246897
0.643743 0.428508
0.652813 0.553803
0.662241 0.513895
0.676738 0.298273
0.699972 0.187379
0.724987 0.179391
0.749999 0.179448
0.775 0.179498
0.8 0.1795
0.825 0.1795
0.85 0.1795
0.875 0.1795
0.9 0.1795
0.925 0.1795
0.95 0.1795
0.975 0.1795
1 0.1795
1.025 0.1795
1.05 0.1795
1.075 0.1795
1.1 0.1795
1.125 0.1795
1.15 0.1795
1.175 0.1795
1.2 0.1795
1.225 0.1795
1.25 0.1795
1.275 0.1795
1.3 0.1795
1.325 0.1795
1.35 0.1795
end.
