begin.
-0.09375 1
-0.0875 1
-0.08125 1
-0.075 1
-0.06875 1
-0.0625 1
-0.05625 1
-0.05 1
-0.04375 1
-0.0375 1
-0.03125 1
-0.025 1
-0.01875 1
-0.0125 1
-0.00625 1
1.99165e-16 1
0.00625 1
0.0125 1
0.01875 1
0.025 1
0.03125 1
0.0375 1
0.04375 1
0.05 1
0.05625 1
0.0625 1
0.06875 1
0.075 1
0.08125 1
0.0875 1
0.09375 1
0.1 1
0.10625 1
0.1125 1
0.11875 1
0.125 1
0.13125 1
0.1375 1
0.14375 1
0.15 1
0.15625 1
0.1625 1
0.16875 1
0.175 1.00001
0.18125 1.00001
0.1875 1.00002
0.19375 1.00003
0.2 1.00003
0.20625 1.00002
0.212499 0.999993
0.218749 0.999905
0.224999 0.999709
0.23125 0.999324
0.237502 0.998622
0.243757 0.997425
0.250017 0.995496
0.256285 0.992536
0.262566 0.988201
0.268868 0.982117
0.275199 0.97393
0.28157 0.963355
0.287994 0.950227
0.294488 0.934521
0.301064 0.916352
0.307739 0.895964
0.314528 0.873705
0.321445 0.849927
0.328502 0.824791
0.33571 0.798134
0.343084 0.769545
0.350656 0.738661
0.35846 0.705494
0.366534 0.670452
0.374914 0.634101
0.383634 0.597108
0.39274 0.560698
0.40227 0.526899
0.412224 0.498482
0.422544 0.478462
0.433106 0.470151
0.443719 0.47581
0.454091 0.491433
0.464079 0.504074
0.473875 0.496835
0.483759 0.45676
0.494972 0.386459
0.5084 0.321878
0.522511 0.246911
0.54372 0.382843
0.559017 0.453006
0.573794 0.342181
0.58682 0.273798
0.606078 0.301157
0.618652 0.451099
0.704546 0.324999
0.551204 0.0113026
0.628471 0.468425
0.643159 0.302047
0.664614 0.479766
0.670772 0.526339
0.683207 0.376247
0.719587 0.410116
0.730286 0.380057
0.749021 0.266789
0.768024 0.405244
0.779617 0.546285
0.787732 0.521182
0.802284 0.307618
0.82501 0.190261
0.849981 0.179546
0.874998 0.179425
0.9 0.179493
0.925 0.1795
0.95 0.1795
0.975 0.1795
1 0.1795
1.025 0.1795
1.05 0.1795
1.075 0.1795
1.1 0.1795
1.125 0.1795
1.15 0.1795
1.175 0.1795
1.2 0.1795
1.225 0.1795
1.25 0.1795
1.275 0.1795
1.3 0.1795
1.325 0.1795
1.35 0.1795
end.
