begin.
-0.09375 1
-0.0875 1
-0.08125 1
-0.075 1
-0.06875 1
-0.0625 1
-0.05625 1
-0.05 1
-0.04375 1
-0.0375 1
-0.03125 1
-0.025 1
-0.01875 1
-0.0125 1
-0.00625 1
-1.80196e-19 1
0.00625 1
0.0125 1
0.01875 1
0.025 1
0.03125 1
0.0375 1
0.04375 1
0.05 1
0.05625 1
0.0625 1
0.06875 1
0.075 1
0.08125 1
0.0875 1
0.09375 1
0.1 1
0.10625 1
0.1125 1
0.11875 1
0.125 1
0.13125 1
0.1375 1
0.14375 1
0.15 1
0.15625 1
0.1625 1
0.16875 1
0.175 1
0.18125 1
0.1875 1
0.19375 1
0.2 1
0.20625 1
0.2125 1
0.21875 1
0.225 1
0.23125 1
0.2375 1
0.24375 1
0.25 1
0.25625 1
0.2625 1
0.26875 1
0.275 1
0.28125 1
0.2875 1
0.29375 1
0.3 1
0.30625 1
0.3125 1
0.31875 1.00001
0.325 1.00002
0.33125 1.00004
0.3375 1.00007
0.34375 1.00011
0.349999 1.00015
0.356248 1.00014
0.362497 1.00003
0.368746 0.999601
0.374996 0.998481
0.381247 0.996089
0.387505 0.991727
0.393787 0.984599
0.400106 0.973623
0.406469 0.957243
0.412897 0.933755
0.419454 0.902198
0.426228 0.862836
0.433262 0.816561
0.440563 0.762786
0.448187 0.698137
0.4564 0.62081
0.465536 0.537883
0.475808 0.472014
0.487303 0.490801
0.498438 0.580508
0.510432 0.469585
0.533762 0.182448
0.557684 0.349976
0.505532 0.0377327
0.567654 0.297726
0.596492 0.32596
0.60767 0.536595
0.617319 0.537375
0.62851 0.376841
0.650036 0.198309
0.67498 0.179645
0.699999 0.179421
0.725 0.179496
0.75 0.1795
0.775 0.1795
0.8 0.1795
0.825 0.1795
0.85 0.1795
0.875 0.1795
0.9 0.1795
0.925 0.1795
0.95 0.1795
0.975 0.1795
1 0.1795
1.025 0.1795
1.05 0.1795
1.075 0.1795
1.1 0.1795
1.125 0.1795
1.15 0.1795
1.175 0.1795
1.2 0.1795
1.225 0.1795
1.25 0.1795
1.275 0.1795
1.3 0.1795
1.325 0.1795
1.35 0.1795
end.
