begin.
-0.601332 1.00089
-0.598627 1.00129
-0.596959 1.00098
-0.594817 1.00026
-0.593169 0.999965
-0.590983 0.999946
-0.589389 0.999953
-0.587163 0.999953
-0.585627 0.999937
-0.583335 0.999917
-0.581821 0.999887
-0.579484 0.999872
-0.577916 0.999882
-0.575674 0.99989
-0.573981 0.999924
-0.571931 0.999935
-0.570104 0.999944
-0.56817 0.999959
-0.56629 0.999965
-0.564397 0.999977
-0.562514 0.999984
-0.560632 0.99999
-0.558754 0.999994
-0.556877 0.999997
-0.555001 0.999998
-0.553125 0.999999
-0.55125 1
-0.549375 1
-0.5475 1
-0.545625 1
-0.54375 1
-0.541875 1
-0.54 1
-0.538125 1
-0.53625 1
-0.534375 1
-0.5325 1
-0.530625 1
-0.52875 1
-0.526875 1
-0.525 1
-0.523125 1
-0.52125 1
-0.519375 1
-0.5175 1
-0.515625 1
-0.51375 1
-0.511875 1
-0.51 1
-0.508125 1
-0.50625 1
-0.504375 1
-0.5025 1
-0.500625 1
-0.49875 1
-0.496875 1
-0.495 1
-0.493125 1
-0.49125 1
-0.489375 1
-0.4875 1
-0.485625 1
-0.48375 1
-0.481875 1
-0.48 1
-0.478125 1
-0.47625 1
-0.474375 1
-0.4725 1
-0.470625 1
-0.46875 1
-0.466875 1
-0.465 1
-0.463125 1
-0.46125 1
-0.459375 1
-0.4575 1
-0.455625 1
-0.45375 1
-0.451875 1
-0.45 1
-0.448125 1
-0.44625 1
-0.444375 1
-0.4425 1
-0.440625 1
-0.43875 1
-0.436875 1
-0.435 1
-0.433125 1
-0.43125 1
-0.429375 1
-0.4275 1
-0.425625 1
-0.42375 1
-0.421875 1
-0.42 1
-0.418125 1
-0.41625 1
-0.414375 1
-0.4125 1
-0.410625 1
-0.40875 1
-0.406875 1
-0.405 1
-0.403125 1
-0.40125 1
-0.399375 1
-0.3975 1
-0.395625 1
-0.39375 1
-0.391875 1
-0.39 1
-0.388125 1
-0.38625 1
-0.384375 1
-0.3825 1
-0.380625 1
-0.37875 1
-0.376875 1
-0.375 1
-0.373125 1
-0.37125 1
-0.369375 1
-0.3675 1
-0.365625 1
-0.36375 1
-0.361875 1
-0.36 1
-0.358125 1
-0.35625 1
-0.354375 1
-0.3525 1
-0.350625 1
-0.34875 1
-0.346875 1
-0.345 1
-0.343125 1
-0.34125 1
-0.339375 1
-0.3375 1
-0.335625 1
-0.33375 1
-0.331875 1
-0.33 1
-0.328125 1
-0.32625 1
-0.324375 1
-0.3225 1
-0.320625 1
-0.31875 1
-0.316875 1
-0.315 1
-0.313125 1
-0.31125 1
-0.309375 1
-0.3075 1
-0.305625 1
-0.30375 1
-0.301875 1
-0.3 1
-0.298125 1
-0.29625 1
-0.294375 1
-0.2925 1
-0.290625 1
-0.28875 1
-0.286875 1
-0.285 1
-0.283125 1
-0.28125 1
-0.279375 1
-0.2775 1
-0.275625 1
-0.27375 1
-0.271875 1
-0.27 1
-0.268125 1
-0.26625 1
-0.264375 1
-0.2625 1
-0.260625 1
-0.25875 1
-0.256875 1
-0.255 1
-0.253125 1
-0.25125 1
-0.249375 1
-0.2475 1
-0.245625 1
-0.24375 1
-0.241875 1
-0.24 1
-0.238125 1
-0.23625 1
-0.234375 1
-0.2325 1
-0.230625 1
-0.22875 1
-0.226875 1
-0.225 1
-0.223125 1
-0.22125 1
-0.219375 1
-0.2175 1
-0.215625 1
-0.21375 1
-0.211875 1
-0.21 1
-0.208125 1
-0.20625 1
-0.204375 1
-0.2025 1
-0.200625 1
-0.19875 1
-0.196875 1
-0.195 1
-0.193125 1
-0.19125 1
-0.189375 1
-0.1875 1
-0.185625 1
-0.18375 1
-0.181875 1
-0.18 1
-0.178125 1
-0.17625 1
-0.174375 1
-0.1725 1
-0.170625 1
-0.16875 1
-0.166875 1
-0.165 1
-0.163125 1
-0.16125 1
-0.159375 1
-0.1575 1
-0.155625 1
-0.15375 1
-0.151875 1
-0.15 1
-0.148125 1
-0.14625 1
-0.144375 1
-0.1425 1
-0.140625 1
-0.13875 1
-0.136875 1
-0.135 1
-0.133125 1
-0.13125 1
-0.129375 1
-0.1275 1
-0.125625 1
-0.12375 1
-0.121875 1
-0.12 1
-0.118125 1
-0.11625 1
-0.114375 1
-0.1125 1
-0.110625 1
-0.10875 1
-0.106875 1
-0.105 1
-0.103125 1
-0.10125 1
-0.099375 1
-0.0975 1
-0.095625 1
-0.09375 1
-0.091875 1
-0.09 1
-0.088125 1
-0.08625 1
-0.084375 1
-0.0825 1
-0.080625 1
-0.07875 1
-0.076875 1
-0.075 1
-0.073125 1
-0.07125 1
-0.069375 1
-0.0675 1
-0.065625 1
-0.06375 1
-0.061875 1
-0.06 1
-0.058125 1
-0.05625 1
-0.0543751 1
-0.0525002 1
-0.0506255 1
-0.0487511 1
-0.046877 1
-0.0450036 1
-0.0431308 1
-0.0412581 1
-0.0393852 0.999999
-0.0375043 0.999984
-0.0356267 0.999955
-0.0337015 0.999889
-0.0317821 0.999745
-0.0296875 0.999527
-0.0274926 0.999283
-0.0250902 0.999029
-0.0225207 0.998886
-0.019908 0.998786
-0.0171715 0.998706
-0.0143964 0.998691
-0.0116322 0.998623
-0.00869191 0.998384
-0.00530221 0.998066
-0.0014772 0.998056
0.00183147 0.998389
0.00481952 0.998333
0.00835794 0.998213
0.0116814 0.998354
0.014826 0.998455
0.0194899 0.179289
0.0236811 0.180068
0.0296123 0.180057
0.0333663 0.179972
0.0402156 0.180084
0.0433757 0.179991
0.04994 0.179898
0.0531793 0.179812
0.06 0.1795
0.0675 0.1795
0.075 0.1795
0.0825 0.1795
0.09 0.1795
0.0975 0.1795
0.105 0.1795
0.1125 0.1795
0.12 0.1795
0.1275 0.1795
0.135 0.1795
0.1425 0.1795
0.15 0.1795
0.1575 0.1795
0.165 0.1795
0.1725 0.1795
0.18 0.1795
0.1875 0.1795
0.195 0.1795
0.2025 0.1795
0.21 0.1795
0.2175 0.1795
0.225 0.1795
0.2325 0.1795
0.24 0.1795
0.2475 0.1795
0.255 0.1795
0.2625 0.1795
0.27 0.1795
0.2775 0.1795
0.285 0.1795
0.2925 0.1795
0.3 0.1795
0.3075 0.1795
0.315 0.1795
0.3225 0.1795
0.33 0.1795
0.3375 0.1795
0.345 0.1795
0.3525 0.1795
0.36 0.1795
0.3675 0.1795
0.375 0.1795
0.3825 0.1795
0.39 0.1795
0.3975 0.1795
0.405 0.1795
0.4125 0.1795
0.42 0.1795
0.4275 0.1795
0.435 0.1795
0.4425 0.1795
0.45 0.1795
0.4575 0.1795
0.465 0.1795
0.4725 0.1795
0.48 0.1795
0.4875 0.1795
0.495 0.1795
0.5025 0.1795
0.51 0.1795
0.5175 0.1795
0.525 0.1795
0.5325 0.1795
0.54 0.1795
0.5475 0.1795
0.555 0.1795
0.5625 0.1795
0.57 0.1795
0.5775 0.1795
0.585 0.1795
0.5925 0.1795
end.
