begin.
-0.90012 1.00073
-0.817548 1.00068
-1.23082 0.987094
-0.767525 0.990529
-0.76232 0.883907
-0.598895 0.941488
-0.597147 0.931673
-0.595665 0.982956
-0.593261 0.999239
-0.591789 0.999862
-0.589402 0.999854
-0.587872 0.999862
-0.585537 0.999878
-0.583984 0.999878
-0.581701 0.999888
-0.580069 0.999928
-0.57793 0.999961
-0.576225 0.999978
-0.5742 0.999984
-0.572427 0.999965
-0.570458 0.999935
-0.568591 0.99992
-0.566631 0.999937
-0.564774 0.999948
-0.562839 0.999952
-0.560963 0.999961
-0.559053 0.99998
-0.55719 0.999979
-0.555308 0.999937
-0.553364 0.999917
-0.551457 0.999935
-0.549586 0.99994
-0.54762 0.999906
-0.545795 0.999852
-0.543667 0.999859
-0.541949 0.999887
-0.539772 0.999889
-0.538123 0.999861
-0.535881 0.99984
-0.534211 0.999859
-0.531994 0.999881
-0.530346 0.999883
-0.528145 0.999862
-0.52645 0.999845
-0.524255 0.999867
-0.522535 0.9999
-0.520466 0.999905
-0.518614 0.999924
-0.516713 0.999939
-0.514727 0.999955
-0.512974 0.999959
-0.510899 0.999928
-0.509198 0.999892
-0.507002 0.999886
-0.505363 0.999895
-0.503131 0.999906
-0.501522 0.999913
-0.499309 0.999893
-0.497677 0.999871
-0.495424 0.999871
-0.493808 0.999881
-0.491548 0.999899
-0.48996 0.999908
-0.487724 0.999893
-0.486103 0.999882
-0.483857 0.999889
-0.48225 0.999887
-0.480008 0.99987
-0.478373 0.999863
-0.476122 0.999879
-0.474499 0.999903
-0.472277 0.999912
-0.47067 0.999899
-0.468429 0.999874
-0.466819 0.999828
-0.464498 0.999816
-0.462873 0.999822
-0.460605 0.999788
-0.458893 0.999752
-0.456622 0.999738
-0.454866 0.999742
-0.452616 0.999729
-0.450848 0.999635
-0.448528 0.999486
-0.446467 0.999453
-0.444278 0.999274
-0.44182 0.999237
-0.439704 0.99911
-0.437036 0.999031
-0.434747 0.999102
-0.43231 0.999002
-0.429774 0.999043
-0.427453 0.998946
-0.424735 0.998894
-0.422287 0.998957
-0.419737 0.998867
-0.417104 0.99891
-0.414641 0.998898
-0.411998 0.998875
-0.409475 0.998915
-0.406922 0.998907
-0.404392 0.998872
-0.401773 0.998871
-0.399235 0.998889
-0.396657 0.998815
-0.393965 0.998875
-0.391499 0.998855
-0.388783 0.998853
-0.386291 0.99889
-0.383673 0.998834
-0.381065 0.998906
-0.378571 0.99889
-0.375942 0.998811
-0.373294 0.998879
-0.370792 0.998853
-0.368112 0.998834
-0.365552 0.998888
-0.362999 0.998799
-0.360248 0.998855
-0.35778 0.99887
-0.355088 0.998796
-0.352471 0.998863
-0.349903 0.9988
-0.347177 0.998814
-0.344604 0.998874
-0.342027 0.998759
-0.339213 0.998828
-0.33675 0.998847
-0.333998 0.998757
-0.331332 0.998865
-0.328805 0.998791
-0.326009 0.998818
-0.323497 0.998838
-0.32076 0.99874
-0.318062 0.998814
-0.315464 0.998782
-0.312708 0.998712
-0.309975 0.998763
-0.307306 0.99874
-0.304552 0.998671
-0.30173 0.998756
-0.29915 0.99874
-0.296302 0.998701
-0.293634 0.998738
-0.290874 0.998692
-0.288103 0.998717
-0.285393 0.998716
-0.282641 0.998676
-0.279833 0.998714
-0.277143 0.998708
-0.274359 0.998672
-0.271572 0.998701
-0.268855 0.998684
-0.26603 0.998703
-0.263343 0.998729
-0.260588 0.998643
-0.257723 0.998676
-0.255012 0.998692
-0.252206 0.998654
-0.249403 0.998694
-0.246682 0.99865
-0.243792 0.998642
-0.24104 0.998715
-0.238304 0.998662
-0.23546 0.998672
-0.232725 0.998666
-0.229887 0.998613
-0.227026 0.998668
-0.224298 0.998655
-0.221425 0.998614
-0.218604 0.998661
-0.215823 0.998609
-0.212906 0.998624
-0.210133 0.998674
-0.207341 0.998637
-0.20449 0.998668
-0.201757 0.998658
-0.198895 0.998605
-0.196046 0.998651
-0.193271 0.998619
-0.190372 0.998616
-0.187574 0.998655
-0.184768 0.998611
-0.181879 0.998631
-0.179106 0.998649
-0.176263 0.998619
-0.173429 0.998669
-0.170682 0.998653
-0.167833 0.998632
-0.165031 0.998643
-0.16221 0.998595
-0.159306 0.998606
-0.156499 0.998625
-0.153642 0.998601
-0.150786 0.998636
-0.147999 0.99862
-0.14512 0.998598
-0.142278 0.99862
-0.139448 0.998593
-0.136551 0.998602
-0.133732 0.998626
-0.130891 0.9986
-0.128021 0.998622
-0.125219 0.998625
-0.122364 0.998605
-0.119517 0.998626
-0.116704 0.998609
-0.113828 0.9986
-0.110991 0.998623
-0.108163 0.998604
-0.105292 0.998614
-0.102478 0.998636
-0.09966 0.998601
-0.0967464 0.998383
-0.0933501 0.998073
-0.0896306 0.998123
-0.0864461 0.998369
-0.0833616 0.99824
-0.079746 0.998081
-0.0763056 0.998264
-0.0732021 0.998254
-0.0696538 0.998078
-0.0661082 0.998276
-0.0631223 0.998409
-0.0598527 0.998129
-0.0560327 0.998078
-0.0527264 0.998421
-0.0498306 0.998419
-0.0463856 0.998095
-0.0426218 0.998187
-0.0395091 0.998488
-0.0365111 0.998328
-0.0328526 0.998089
-0.0292908 0.998323
-0.0263039 0.998456
-0.0230207 0.998207
-0.0193293 0.99819
-0.016078 0.998412
-0.0129854 0.998339
-0.00944826 0.998173
-0.00595985 0.998313
-0.00283932 0.998394
0.000490987 0.998234
0.00405826 0.998237
0.0073203 0.998372
0.0105411 0.998293
0.0140603 0.99822
0.0174287 0.998339
0.0206242 0.998323
0.02408 0.998225
0.0275056 0.998312
0.0307117 0.998334
0.0341116 0.998238
0.0375644 0.998283
0.040821 0.998321
0.0441893 0.998261
0.0476015 0.998293
0.0508667 0.998311
0.0542483 0.998247
0.0576805 0.998272
0.0609765 0.998294
0.064359 0.998253
0.0677599 0.998286
0.071042 0.998298
0.074421 0.998257
0.0778066 0.998285
0.0810972 0.998293
0.0844713 0.998268
0.0878202 0.998281
0.0911551 0.998254
0.0945827 0.998251
0.0979099 0.998281
0.101256 0.998258
0.104647 0.99828
0.107926 0.998286
0.111308 0.998239
0.114711 0.998232
0.11811 0.998211
0.121563 0.998244
0.124854 0.998293
0.128185 0.998279
0.131511 0.998285
0.134824 0.998243
0.138276 0.998249
0.141546 0.998303
0.144863 0.998248
0.148296 0.998206
0.15171 0.998212
0.155113 0.998279
0.158339 0.998296
0.161719 0.998233
0.165108 0.99825
0.168427 0.998254
0.171812 0.998229
0.175198 0.998212
0.178624 0.998217
0.181987 0.998227
0.185384 0.998261
0.188648 0.998272
0.192026 0.998237
0.195383 0.998255
0.198706 0.99823
0.202136 0.998238
0.205432 0.998228
0.208906 0.998179
0.212314 0.998243
0.215605 0.998285
0.218907 0.998287
0.222192 0.998264
0.225569 0.998204
0.229017 0.998245
0.232258 0.998258
0.235705 0.998169
0.239197 0.998148
0.242707 0.998161
0.246116 0.998329
0.24921 0.998374
0.252581 0.998341
0.255863 0.998934
0.259031 1.00284
0.263559 0.184586
0.268708 0.187086
0.273411 0.187354
0.277667 0.18724
0.283448 0.187201
0.287377 0.187117
0.292667 0.187
0.296889 0.186924
0.302474 0.186798
0.307632 0.186738
0.312375 0.186698
0.316611 0.186593
0.322547 0.186541
0.326535 0.186462
0.331591 0.186322
0.336198 0.186237
0.3418 0.186163
0.346253 0.186076
0.351905 0.1861
0.355604 0.18602
0.361567 0.185885
0.365529 0.185807
0.370583 0.185646
0.376025 0.185552
0.381333 0.185589
0.385039 0.185502
0.390782 0.185321
0.395208 0.185286
0.399783 0.185182
0.404821 0.185123
0.409233 0.185046
0.414725 0.184911
0.421147 0.185077
0.424474 0.184999
0.430233 0.184741
0.434302 0.184673
0.439333 0.184539
0.444173 0.184552
0.448267 0.184471
0.453874 0.184296
0.459465 0.184282
0.463478 0.184269
0.467691 0.184816
0.469594 0.184798
0.473919 0.184962
0.475575 0.184786
0.481006 0.184028
0.484521 0.183967
0.488617 0.183956
0.492391 0.184026
0.496047 0.183921
0.500213 0.18417
0.502817 0.183893
0.508361 0.183636
0.511295 0.184316
0.514256 0.184838
0.515893 0.184409
0.519545 0.183923
0.521344 0.183689
0.526121 0.183007
0.530198 0.182767
0.535677 0.1828
0.539457 0.183152
0.542053 0.183615
0.550717 0.183718
0.545202 0.182931
0.551099 0.183888
0.559001 0.183149
0.555501 0.182989
0.563308 0.18364
0.561974 0.183915
0.567842 0.182995
0.579316 0.183141
0.575904 0.183155
0.58368 0.183164
0.571675 0.182769
0.58622 0.182726
0.589739 0.183153
0.591122 0.184067
0.595232 0.182089
end.
