begin.
-0.09375 1
-0.0875 1
-0.08125 1
-0.075 1
-0.06875 1
-0.0625 1
-0.05625 1
-0.05 1
-0.04375 1
-0.0375 1
-0.03125 1
-0.025 1
-0.01875 1
-0.0125 1
-0.00625 1
-1.6035e-19 1
0.00625 1
0.0125 1
0.01875 1
0.025 1
0.03125 1
0.0375 1
0.04375 1
0.05 1
0.05625 1
0.0625 1
0.06875 1
0.075 1
0.08125 1
0.0875 1
0.09375 1
0.1 1
0.10625 1
0.1125 1
0.11875 1
0.125 1
0.13125 1
0.1375 1
0.14375 1
0.15 1
0.15625 1
0.1625 1
0.16875 1
0.175 1
0.18125 1
0.1875 1
0.19375 1
0.2 1
0.20625 1
0.2125 1
0.21875 1
0.225 1.00001
0.23125 1.00002
0.2375 1.00003
0.24375 1.00004
0.25 1.00005
0.256249 1.00005
0.262499 1.00001
0.268749 0.999885
0.274999 0.9996
0.281249 0.999019
0.287502 0.997939
0.293759 0.996079
0.300024 0.993077
0.306302 0.988488
0.312601 0.981805
0.318932 0.972522
0.325308 0.960227
0.331748 0.944686
0.338271 0.925852
0.344895 0.903798
0.35164 0.878662
0.358531 0.850645
0.365592 0.819967
0.372846 0.786752
0.380316 0.750782
0.38804 0.711628
0.396079 0.669231
0.404507 0.624492
0.413375 0.579595
0.422735 0.537419
0.432609 0.501221
0.442949 0.475506
0.453651 0.46762
0.464329 0.484592
0.474541 0.515744
0.483911 0.547368
0.493008 0.572042
0.505051 0.501794
0.5336 0.157397
0.554965 0.297142
0.567306 0.468255
0.576058 0.487455
0.610853 0.485588
0.670361 0.446337
0.505807 0.0128534
0.585349 0.415031
0.616326 0.578636
0.623966 0.479303
0.653125 0.231664
0.678328 0.397769
0.697742 0.3043
0.713981 0.46702
0.724123 0.542157
0.733248 0.465087
0.750798 0.245154
0.774963 0.182894
0.799991 0.179353
0.825 0.179465
0.85 0.179498
0.875 0.1795
0.9 0.1795
0.925 0.1795
0.95 0.1795
0.975 0.1795
1 0.1795
1.025 0.1795
1.05 0.1795
1.075 0.1795
1.1 0.1795
1.125 0.1795
1.15 0.1795
1.175 0.1795
1.2 0.1795
1.225 0.1795
1.25 0.1795
1.275 0.1795
1.3 0.1795
1.325 0.1795
1.35 0.1795
end.
