begin.
-0.09375 1
-0.0875 1
-0.08125 1
-0.075 1
-0.06875 1
-0.0625 1
-0.05625 1
-0.05 1
-0.04375 1
-0.0375 1
-0.03125 1
-0.025 1
-0.01875 1
-0.0125 1
-0.00625 1
1.23146e-18 1
0.00625 1
0.0125 1
0.01875 1
0.025 1
0.03125 1
0.0375 1
0.04375 1
0.05 1
0.05625 1
0.0625 1
0.06875 1
0.075 1
0.08125 1
0.0875 1
0.09375 1
0.1 1
0.10625 1
0.1125 1
0.11875 1
0.125 1
0.13125 1
0.1375 1
0.14375 1
0.15 1
0.15625 1
0.1625 1
0.16875 1
0.175 1
0.18125 1
0.1875 1
0.19375 1
0.2 1
0.20625 1.00001
0.2125 1.00001
0.21875 1.00002
0.225 1.00003
0.23125 1.00004
0.237499 1.00004
0.243749 1.00002
0.249999 0.999939
0.256249 0.999744
0.262499 0.999336
0.268751 0.998567
0.275006 0.997222
0.281266 0.995008
0.287536 0.991555
0.293821 0.98643
0.30013 0.97919
0.306474 0.969431
0.312868 0.956835
0.319325 0.941202
0.325865 0.922499
0.332507 0.900911
0.339271 0.876802
0.346175 0.850519
0.353232 0.822106
0.36046 0.791288
0.36789 0.75774
0.375564 0.721485
0.383524 0.682943
0.391808 0.642564
0.400463 0.600863
0.409555 0.559336
0.419141 0.520949
0.429223 0.490156
0.439703 0.472005
0.450365 0.471202
0.460914 0.487668
0.470945 0.509267
0.480679 0.513017
0.490021 0.482578
0.50077 0.452443
0.516219 0.427691
0.549362 0.225883
0.564152 0.446487
0.571733 0.469205
0.58261 0.361305
0.615645 0.419776
0.685128 0.54372
0.516579 0.00607292
0.601182 0.328708
0.628229 0.5423
0.635015 0.539337
0.649812 0.2767
0.685408 0.530289
0.701254 0.366455
0.72162 0.316076
0.736794 0.523576
0.744574 0.552709
0.755935 0.410105
0.775337 0.217131
0.799965 0.180892
0.824995 0.179364
0.85 0.179479
0.875 0.179499
0.9 0.1795
0.925 0.1795
0.95 0.1795
0.975 0.1795
1 0.1795
1.025 0.1795
1.05 0.1795
1.075 0.1795
1.1 0.1795
1.125 0.1795
1.15 0.1795
1.175 0.1795
1.2 0.1795
1.225 0.1795
1.25 0.1795
1.275 0.1795
1.3 0.1795
1.325 0.1795
1.35 0.1795
end.
