begin.
-0.09375 1
-0.0875 1
-0.08125 1
-0.075 1
-0.06875 1
-0.0625 1
-0.05625 1
-0.05 1
-0.04375 1
-0.0375 1
-0.03125 1
-0.025 1
-0.01875 1
-0.0125 1
-0.00625 1
5.90993e-18 1
0.00625 1
0.0125 1
0.01875 1
0.025 1
0.03125 1
0.0375 1
0.04375 1
0.05 1
0.05625 1
0.0625 1
0.06875 1
0.075 1
0.08125 1
0.0875 1
0.09375 1
0.1 1
0.10625 1
0.1125 1
0.11875 1
0.125 1
0.13125 1
0.1375 1
0.14375 1
0.15 1
0.15625 1
0.1625 1
0.16875 1
0.175 1
0.18125 1
0.1875 1
0.19375 1
0.2 1
0.20625 1
0.2125 1
0.21875 1
0.225 1
0.23125 1
0.2375 1
0.24375 1
0.25 1
0.25625 1
0.2625 1
0.26875 1
0.275 1
0.28125 1
0.2875 1
0.29375 1
0.3 1
0.30625 1
0.3125 1
0.31875 1
0.325 1
0.33125 1
0.3375 1
0.34375 1
0.35 1
0.35625 1
0.3625 1
0.36875 1
0.375 1
0.38125 0.999999
0.3875 0.999999
0.39375 0.999999
0.4 1
0.40625 1
0.4125 1.00001
0.41875 1.00008
0.425 1.00026
0.43125 1.0006
0.4375 1.00092
0.443743 1.00105
0.449976 1.00153
0.456214 1.00348
0.462495 1.0063
0.468782 1.00259
0.474873 0.967109
0.480834 0.862829
0.487211 0.660997
0.494604 0.399253
0.514692 7.26493e-05
0.528483 0.360386
0.550066 0.19686
0.574998 0.179749
0.6 0.179491
0.625 0.1795
0.65 0.1795
0.675 0.1795
0.7 0.1795
0.725 0.1795
0.75 0.1795
0.775 0.1795
0.8 0.1795
0.825 0.1795
0.85 0.1795
0.875 0.1795
0.9 0.1795
0.925 0.1795
0.95 0.1795
0.975 0.1795
1 0.1795
1.025 0.1795
1.05 0.1795
1.075 0.1795
1.1 0.1795
1.125 0.1795
1.15 0.1795
1.175 0.1795
1.2 0.1795
1.225 0.1795
1.25 0.1795
1.275 0.1795
1.3 0.1795
1.325 0.1795
1.35 0.1795
end.
