begin.
-0.09375 1
-0.0875 1
-0.08125 1
-0.075 1
-0.06875 1
-0.0625 1
-0.05625 1
-0.05 1
-0.04375 1
-0.0375 1
-0.03125 1
-0.025 1
-0.01875 1
-0.0125 1
-0.00625 1
1.95245e-17 1
0.00625 1
0.0125 1
0.01875 1
0.025 1
0.03125 1
0.0375 1
0.04375 1
0.05 1
0.05625 1
0.0625 1
0.06875 1
0.075 1
0.08125 1
0.0875 1
0.09375 1
0.1 1
0.10625 1
0.1125 1
0.11875 1
0.125 1
0.13125 1
0.1375 1
0.14375 1
0.15 1
0.15625 1
0.1625 1
0.16875 1
0.175 1
0.18125 1
0.1875 1.00001
0.19375 1.00001
0.2 1.00002
0.20625 1.00003
0.2125 1.00003
0.218749 1.00002
0.224999 0.99998
0.231249 0.999865
0.237499 0.999615
0.24375 0.999128
0.250003 0.998255
0.256259 0.996785
0.262522 0.994439
0.268794 0.990877
0.275083 0.985719
0.281396 0.978578
0.287744 0.969106
0.294139 0.957033
0.300596 0.942217
0.307131 0.924692
0.313761 0.904687
0.320503 0.88255
0.32737 0.858593
0.334375 0.832938
0.341533 0.805495
0.348866 0.776088
0.356399 0.74454
0.364161 0.710723
0.372189 0.674637
0.380533 0.636648
0.389242 0.597806
0.398356 0.559978
0.407905 0.525424
0.417881 0.496612
0.428228 0.476408
0.438838 0.46898
0.449466 0.477901
0.459796 0.497895
0.469645 0.508007
0.479129 0.48918
0.489662 0.441128
0.501276 0.376816
0.513938 0.285423
0.534892 0.352407
0.558121 0.3074
0.571333 0.397246
0.580324 0.364822
0.59749 0.252516
0.618254 0.487465
0.698431 0.420294
0.538685 0.00162496
0.619949 0.525394
0.639477 0.370708
0.654956 0.502595
0.659571 0.443087
0.686531 0.296437
0.713037 0.385113
0.726412 0.315723
0.747109 0.320776
0.761498 0.505259
0.770737 0.540779
0.781221 0.419806
0.800406 0.220777
0.824965 0.181186
0.849994 0.179362
0.875 0.179475
0.9 0.179499
0.925 0.1795
0.95 0.1795
0.975 0.1795
1 0.1795
1.025 0.1795
1.05 0.1795
1.075 0.1795
1.1 0.1795
1.125 0.1795
1.15 0.1795
1.175 0.1795
1.2 0.1795
1.225 0.1795
1.25 0.1795
1.275 0.1795
1.3 0.1795
1.325 0.1795
1.35 0.1795
end.
