begin.
-0.885978 1.00073
-0.809856 1.00068
-1.18676 0.987094
-0.740989 0.990529
-0.648536 0.883907
-0.598506 0.950849
-0.597028 0.933776
-0.595069 0.989623
-0.593049 0.998947
-0.591208 0.999936
-0.589274 0.999944
-0.587357 0.999961
-0.585512 0.999971
-0.583574 0.999942
-0.581724 0.999913
-0.579726 0.999911
-0.57789 0.999935
-0.575909 0.999949
-0.574087 0.999963
-0.572114 0.99997
-0.570325 0.999966
-0.568318 0.999952
-0.566544 0.999924
-0.564492 0.999915
-0.562697 0.999916
-0.560697 0.99991
-0.558803 0.999914
-0.556928 0.999904
-0.55491 0.999882
-0.553123 0.999849
-0.550951 0.999866
-0.549269 0.999896
-0.547102 0.999877
-0.545425 0.999837
-0.543168 0.999845
-0.541512 0.999887
-0.539321 0.999894
-0.537682 0.999856
-0.535429 0.999845
-0.533742 0.999877
-0.5316 0.999909
-0.529848 0.999947
-0.527854 0.999955
-0.526007 0.999952
-0.524079 0.999975
-0.522204 0.999979
-0.520355 0.99995
-0.518372 0.999926
-0.516551 0.999936
-0.514529 0.999954
-0.512778 0.999963
-0.510727 0.999946
-0.509011 0.999912
-0.50686 0.999901
-0.505177 0.999923
-0.503008 0.999943
-0.501399 0.999932
-0.499183 0.999908
-0.497566 0.999895
-0.495334 0.999888
-0.493708 0.999889
-0.491468 0.9999
-0.489865 0.999904
-0.487628 0.999901
-0.486012 0.999914
-0.483785 0.999924
-0.482214 0.999895
-0.479928 0.999865
-0.47834 0.999849
-0.476035 0.999856
-0.474427 0.999881
-0.472192 0.999885
-0.470556 0.999877
-0.468332 0.999877
-0.466685 0.99989
-0.464462 0.999918
-0.462861 0.999924
-0.460647 0.999909
-0.459022 0.999891
-0.456804 0.999874
-0.455129 0.99988
-0.452937 0.999887
-0.451296 0.999825
-0.449027 0.99977
-0.447251 0.999787
-0.445141 0.999733
-0.443216 0.999661
-0.441051 0.999614
-0.4391 0.999579
-0.436799 0.999597
-0.435005 0.999478
-0.432448 0.999352
-0.43052 0.999241
-0.427856 0.999074
-0.425598 0.999156
-0.423206 0.999019
-0.420658 0.999055
-0.41836 0.99902
-0.415763 0.998933
-0.413281 0.998967
-0.410774 0.998932
-0.40823 0.998914
-0.405689 0.998917
-0.403157 0.998926
-0.400639 0.998865
-0.397986 0.998906
-0.395542 0.998903
-0.3929 0.998891
-0.390407 0.998919
-0.387836 0.998849
-0.385207 0.998898
-0.382716 0.998887
-0.380084 0.998813
-0.377449 0.998895
-0.37497 0.998892
-0.372342 0.998874
-0.369804 0.998919
-0.367285 0.998827
-0.364559 0.998866
-0.362091 0.998901
-0.359462 0.998835
-0.356858 0.998893
-0.354335 0.998834
-0.351631 0.998827
-0.34906 0.998911
-0.346553 0.998815
-0.343782 0.998869
-0.341359 0.998889
-0.338654 0.998771
-0.335978 0.998868
-0.33347 0.998795
-0.330671 0.998792
-0.328115 0.998828
-0.325407 0.998726
-0.322659 0.998791
-0.320059 0.998785
-0.317309 0.998725
-0.314596 0.9988
-0.311979 0.998788
-0.309272 0.998699
-0.306469 0.998774
-0.303909 0.998758
-0.30108 0.998715
-0.298424 0.998769
-0.295716 0.998715
-0.292945 0.998722
-0.290245 0.998759
-0.287571 0.9987
-0.28474 0.998721
-0.282089 0.998753
-0.279356 0.998712
-0.276604 0.998733
-0.273923 0.998687
-0.271074 0.998673
-0.26835 0.998746
-0.26566 0.998683
-0.262816 0.998687
-0.260113 0.998709
-0.257334 0.998669
-0.254536 0.99873
-0.251881 0.998709
-0.249054 0.998649
-0.246268 0.998697
-0.243531 0.998652
-0.240667 0.998664
-0.237931 0.998699
-0.235161 0.998632
-0.232282 0.998655
-0.229547 0.998672
-0.226714 0.998632
-0.223893 0.998701
-0.221192 0.998681
-0.218354 0.998655
-0.215583 0.998686
-0.212818 0.998629
-0.209928 0.99864
-0.207173 0.998672
-0.204358 0.998622
-0.201504 0.998666
-0.198765 0.998655
-0.195909 0.998628
-0.1931 0.998677
-0.190349 0.998656
-0.187503 0.998662
-0.184759 0.998687
-0.181972 0.998629
-0.179113 0.998643
-0.176338 0.99863
-0.173466 0.998601
-0.170618 0.998642
-0.167833 0.998628
-0.164963 0.998623
-0.162164 0.998643
-0.159339 0.998596
-0.156445 0.998605
-0.153627 0.998607
-0.150747 0.998581
-0.147868 0.998614
-0.145056 0.998611
-0.142178 0.998604
-0.139349 0.998636
-0.13654 0.998613
-0.13367 0.998617
-0.130859 0.998627
-0.128018 0.998598
-0.125144 0.998613
-0.122328 0.998616
-0.119467 0.998599
-0.116614 0.998625
-0.113805 0.998621
-0.110952 0.998619
-0.108133 0.998641
-0.105327 0.998627
-0.102484 0.998632
-0.099684 0.998647
-0.0968768 0.99861
-0.0939752 0.99839
-0.090586 0.998075
-0.0868686 0.998119
-0.0836711 0.998354
-0.0805649 0.99823
-0.0769502 0.998091
-0.0735429 0.998278
-0.0704443 0.998249
-0.0668706 0.99807
-0.0633294 0.99829
-0.0603759 0.998439
-0.0571431 0.998148
-0.0533276 0.998076
-0.050007 0.998421
-0.0471233 0.998436
-0.0437068 0.998108
-0.0399472 0.998186
-0.0368246 0.998486
-0.0338306 0.998336
-0.030192 0.998097
-0.026632 0.998317
-0.0236286 0.998448
-0.0203457 0.998211
-0.0166702 0.998192
-0.0134125 0.998404
-0.0103076 0.998333
-0.00677683 0.998176
-0.00329638 0.998311
-0.000167584 0.998386
0.0031708 0.998231
0.00672639 0.998241
0.00998241 0.998366
0.0132215 0.998283
0.0167411 0.998224
0.0200891 0.998339
0.0233 0.99831
0.0267678 0.998226
0.030169 0.998315
0.0333858 0.998322
0.0368006 0.998238
0.0402263 0.998287
0.0434921 0.998306
0.0468847 0.998255
0.0502748 0.998299
0.0535373 0.998304
0.056934 0.998245
0.0603444 0.998276
0.0636426 0.998283
0.0670478 0.998247
0.0704304 0.998287
0.0737174 0.998287
0.0771134 0.998255
0.0804756 0.998285
0.0837816 0.998279
0.0871662 0.998272
0.0904819 0.998284
0.0938371 0.998245
0.0972582 0.998256
0.10057 0.99827
0.103956 0.998248
0.10732 0.998284
0.110608 0.998277
0.113996 0.998252
0.117343 0.998236
0.120783 0.998198
0.124222 0.99824
0.127532 0.998267
0.130907 0.998282
0.134166 0.998295
0.137522 0.99823
0.140954 0.998255
0.144219 0.998291
0.147566 0.998259
0.150921 0.998212
0.154397 0.998194
0.157781 0.998276
0.161027 0.998282
0.164417 0.998241
0.167764 0.998248
0.171125 0.998252
0.17446 0.998233
0.177881 0.998213
0.181258 0.998213
0.184677 0.998209
0.188059 0.998264
0.191325 0.998257
0.194739 0.998249
0.19802 0.998256
0.201423 0.998222
0.204781 0.998254
0.208101 0.998222
0.211565 0.99818
0.214977 0.998225
0.218305 0.998263
0.221625 0.998302
0.224846 0.998271
0.228277 0.998204
0.231665 0.998266
0.234935 0.998252
0.238362 0.998213
0.241769 0.998163
0.245397 0.998209
0.248735 0.998874
0.252066 1.00285
0.255767 0.184531
0.261506 0.187004
0.265022 0.187226
0.271117 0.187005
0.275432 0.186924
0.280828 0.186923
0.284606 0.186846
0.290653 0.18678
0.294372 0.186697
0.300617 0.186697
0.304022 0.186615
0.309981 0.186346
0.314426 0.18626
0.32002 0.186311
0.323606 0.186233
0.330065 0.186185
0.333538 0.1861
0.339751 0.186012
0.34323 0.185928
0.349003 0.185718
0.353095 0.185637
0.359391 0.185731
0.362734 0.185645
0.369017 0.185491
0.372567 0.185405
0.378083 0.18516
0.382824 0.185097
0.387685 0.185048
0.391969 0.184957
0.399199 0.185114
0.402495 0.185031
0.408375 0.184857
0.411885 0.184778
0.417676 0.184609
0.421602 0.184542
0.426663 0.184402
0.43117 0.184324
0.43773 0.184376
0.441369 0.184294
0.446925 0.184113
0.451118 0.184031
0.456779 0.183973
0.460807 0.183895
0.467277 0.183945
0.470734 0.183862
0.476379 0.183765
0.479789 0.183699
0.484512 0.184333
0.486081 0.184331
0.490295 0.183998
0.49276 0.183925
0.49773 0.183938
0.500151 0.18382
0.50411 0.183059
0.509791 0.183431
0.51238 0.183743
0.516473 0.183456
0.520196 0.182942
0.525404 0.18339
0.527163 0.183501
0.531361 0.183159
0.533956 0.183516
0.536756 0.183855
0.537981 0.183738
0.542565 0.182294
0.548341 0.182245
0.553359 0.18292
0.560233 0.182576
0.55556 0.183295
0.563699 0.183021
0.566021 0.18319
0.568563 0.183597
0.578859 0.182795
0.575065 0.182909
0.583187 0.183107
0.571496 0.182917
0.585497 0.182992
0.587779 0.182408
0.591771 0.182764
0.596393 0.181715
end.
