begin.
-1.00624 1.00049
-0.964355 1.001
-1.56132 0.987112
-0.877678 0.991093
-1.61563 0.883943
-1.144 0.79774
-0.601437 0.812481
-0.59746 0.899581
-0.596082 0.957546
-0.593729 0.9973
-0.592093 0.999795
-0.589876 0.999843
-0.588154 0.999824
-0.586003 0.999799
-0.584133 0.999818
-0.582136 0.999816
-0.58016 0.999803
-0.578245 0.999783
-0.576122 0.999815
-0.574361 0.999817
-0.572169 0.999804
-0.570438 0.999792
-0.568205 0.999765
-0.566481 0.99973
-0.564137 0.999789
-0.562526 0.999848
-0.560263 0.999829
-0.558594 0.999788
-0.556329 0.999756
-0.554585 0.999716
-0.552324 0.999651
-0.550453 0.999588
-0.548172 0.999466
-0.546073 0.999401
-0.543785 0.999331
-0.541565 0.999277
-0.539261 0.999166
-0.536818 0.999165
-0.534592 0.999094
-0.532016 0.999067
-0.529737 0.999069
-0.527209 0.999012
-0.524802 0.999068
-0.522404 0.998975
-0.519814 0.998955
-0.517361 0.999022
-0.514942 0.998927
-0.512272 0.998985
-0.509965 0.999006
-0.507356 0.998902
-0.504827 0.998989
-0.502413 0.998891
-0.499681 0.998947
-0.497354 0.998962
-0.494683 0.998822
-0.492084 0.998884
-0.489547 0.998844
-0.486875 0.998886
-0.484404 0.998916
-0.4818 0.998867
-0.479246 0.998849
-0.476592 0.998846
-0.474037 0.998826
-0.471348 0.998855
-0.468839 0.998857
-0.46617 0.998822
-0.463573 0.998913
-0.461087 0.998866
-0.458397 0.998854
-0.455884 0.998932
-0.453371 0.998849
-0.45066 0.998907
-0.448252 0.998916
-0.445598 0.998887
-0.443082 0.998935
-0.440557 0.998823
-0.437804 0.998875
-0.435366 0.998887
-0.432676 0.998824
-0.430072 0.998922
-0.427594 0.998792
-0.424726 0.998828
-0.422287 0.998803
-0.419399 0.998749
-0.416811 0.998848
-0.414137 0.998745
-0.411358 0.998804
-0.408767 0.998812
-0.406033 0.998775
-0.403385 0.998792
-0.400683 0.998752
-0.397956 0.998805
-0.395362 0.998815
-0.392661 0.998755
-0.389973 0.998772
-0.387292 0.998786
-0.384626 0.998789
-0.381975 0.998767
-0.379256 0.99878
-0.376629 0.998748
-0.37386 0.998742
-0.371205 0.998769
-0.368511 0.998744
-0.365775 0.998789
-0.363167 0.998758
-0.360405 0.998734
-0.357729 0.998759
-0.355021 0.998714
-0.352252 0.998732
-0.34957 0.998743
-0.346844 0.998708
-0.344067 0.998789
-0.341491 0.998758
-0.338692 0.998709
-0.33599 0.99874
-0.33327 0.998675
-0.330428 0.99874
-0.327821 0.998737
-0.324985 0.998682
-0.322246 0.998731
-0.319511 0.998677
-0.316683 0.998722
-0.314014 0.998749
-0.311265 0.998688
-0.308452 0.998786
-0.305892 0.998734
-0.302977 0.998661
-0.300243 0.998676
-0.297378 0.998594
-0.29447 0.998701
-0.291796 0.998652
-0.288822 0.998637
-0.286083 0.99874
-0.283336 0.998643
-0.280429 0.998635
-0.277655 0.998662
-0.274812 0.998616
-0.271945 0.998657
-0.269173 0.998653
-0.266335 0.998599
-0.263435 0.998659
-0.260702 0.998649
-0.257799 0.998635
-0.255029 0.998656
-0.252179 0.998613
-0.249322 0.998629
-0.246505 0.998646
-0.243693 0.998624
-0.240812 0.998653
-0.238053 0.998622
-0.235139 0.998617
-0.232349 0.998652
-0.229522 0.998615
-0.226651 0.998635
-0.223862 0.998625
-0.220976 0.998587
-0.218097 0.998656
-0.215345 0.998618
-0.212414 0.998594
-0.209592 0.998646
-0.206779 0.998638
-0.20394 0.998657
-0.201167 0.998619
-0.198252 0.998567
-0.195362 0.998587
-0.192481 0.998541
-0.189501 0.99857
-0.186661 0.998576
-0.183716 0.998515
-0.180733 0.998579
-0.177918 0.998591
-0.174975 0.99854
-0.17205 0.998569
-0.169162 0.998528
-0.166159 0.998567
-0.163335 0.998626
-0.160484 0.998573
-0.157546 0.998593
-0.154729 0.998601
-0.151814 0.998566
-0.148924 0.998588
-0.146049 0.998528
-0.143039 0.99855
-0.140191 0.998622
-0.137355 0.9986
-0.134465 0.998623
-0.131675 0.998614
-0.128775 0.998582
-0.125914 0.998651
-0.123155 0.998615
-0.120222 0.998429
-0.116963 0.998135
-0.113228 0.99802
-0.109758 0.998284
-0.106734 0.998316
-0.103253 0.998029
-0.0994428 0.998136
-0.0962999 0.998398
-0.0932063 0.998232
-0.0895224 0.998087
-0.0860987 0.998257
-0.0829294 0.998219
-0.0793196 0.998087
-0.0758039 0.998269
-0.0727513 0.998368
-0.0694167 0.998129
-0.0656368 0.998085
-0.0622981 0.998392
-0.0593339 0.998381
-0.0558278 0.998067
-0.0520265 0.99821
-0.0489652 0.99853
-0.0459839 0.998322
-0.0422565 0.998087
-0.0387263 0.998352
-0.0357611 0.99844
-0.0323748 0.998168
-0.0286349 0.998202
-0.0254266 0.998431
-0.0223041 0.99832
-0.0186961 0.998155
-0.0151834 0.99831
-0.0120416 0.998386
-0.00866359 0.998212
-0.00502703 0.998215
-0.00172554 0.998375
0.0014947 0.998298
0.00506454 0.998197
0.00850303 0.998335
0.0116861 0.998344
0.0151516 0.998212
0.0186669 0.998294
0.0218829 0.998352
0.025274 0.998226
0.028844 0.998243
0.0321517 0.998329
0.0354925 0.998263
0.039001 0.998261
0.0423164 0.998334
0.0456286 0.998284
0.0490998 0.998268
0.0524299 0.998327
0.0557378 0.998292
0.0591813 0.998268
0.0625315 0.998304
0.065876 0.998271
0.0693318 0.998259
0.0726842 0.99831
0.0760004 0.998293
0.0794143 0.998266
0.0827888 0.998276
0.0861751 0.998248
0.0896341 0.998241
0.0930182 0.998275
0.0963797 0.998292
0.0997204 0.998325
0.102982 0.998325
0.106341 0.99827
0.109749 0.998268
0.113091 0.998277
0.11648 0.998274
0.119825 0.998283
0.123184 0.998247
0.126636 0.998253
0.12996 0.998307
0.13326 0.99831
0.136584 0.998292
0.13994 0.998227
0.143441 0.998227
0.146771 0.998296
0.150089 0.998248
0.153566 0.998237
0.156889 0.998291
0.160218 0.998295
0.163531 0.998295
0.166865 0.99825
0.170301 0.998248
0.173625 0.998257
0.177046 0.998232
0.180426 0.99826
0.183768 0.998252
0.187173 0.998275
0.190435 0.998316
0.193738 0.998295
0.197065 0.998249
0.20049 0.998201
0.203941 0.998206
0.207342 0.998219
0.210752 0.998211
0.214181 0.998186
0.217654 0.998256
0.220867 0.998353
0.224098 0.998347
0.227342 0.998276
0.230778 0.998141
0.234401 0.998149
0.237779 0.998218
0.241199 0.998273
0.244421 0.99838
0.247565 0.998374
0.250832 0.998276
0.254237 0.998182
0.257746 0.998217
0.261022 0.998327
0.26427 0.99815
0.268163 0.998026
0.271683 0.998358
0.274628 0.998498
0.277852 0.998359
0.28115 0.99824
0.284716 0.998208
0.288035 0.998432
0.291029 0.998385
0.294587 0.998184
0.298084 0.998218
0.301492 0.998337
0.304699 0.998423
0.307954 0.99843
0.311302 0.999034
0.314585 1.00388
0.318327 0.185815
0.324809 0.188866
0.328131 0.189193
0.334703 0.189073
0.338077 0.18898
0.343954 0.188802
0.347502 0.188716
0.352739 0.189208
0.354892 0.189223
0.35873 0.189153
0.360955 0.188988
0.365447 0.188237
0.369743 0.188265
0.373958 0.188893
0.376576 0.18944
0.37805 0.188964
0.382005 0.188142
0.385449 0.188306
0.389348 0.18921
0.390231 0.188894
0.395066 0.188099
0.397702 0.187783
0.410495 0.188561
0.403047 0.187481
0.415204 0.187957
0.408908 0.188147
0.418187 0.187348
0.422681 0.187665
0.426547 0.188221
0.424806 0.188889
0.432558 0.187784
0.435619 0.188465
0.437614 0.188027
0.44001 0.186792
0.443722 0.185963
0.448384 0.186485
0.455422 0.18736
0.451579 0.186728
0.45743 0.187027
0.462307 0.186302
0.466499 0.186489
0.469883 0.18686
0.473034 0.187235
0.477691 0.18682
0.475288 0.187476
0.481469 0.185975
0.485447 0.186317
0.491295 0.186029
0.48839 0.186508
0.495385 0.185423
0.506707 0.186685
0.513426 0.186438
0.499564 0.185808
0.516008 0.186261
0.501539 0.186197
0.508817 0.186151
0.523921 0.186161
0.521211 0.185374
0.52785 0.185859
0.52959 0.185367
0.537316 0.185011
0.54296 0.184779
0.534289 0.185348
0.548086 0.185672
0.55212 0.185159
0.546476 0.185352
0.559671 0.185758
0.560976 0.185591
0.554425 0.185638
0.565613 0.184379
0.571391 0.185633
0.569989 0.185232
0.58372 0.186085
0.57844 0.18512
0.591052 0.185657
0.575447 0.18438
0.586659 0.184745
0.593055 0.184609
0.596495 0.185157
0.599648 0.183064
end.
