begin.
-0.647236 1.00061
-0.602417 1.00243
-0.599078 1.00465
-0.597306 1.00386
-0.595283 1.00158
-0.593564 1.00017
-0.591466 0.999947
-0.589787 0.999938
-0.587639 0.99993
-0.585989 0.999928
-0.5838 0.999932
-0.582191 0.999927
-0.579973 0.999922
-0.578371 0.999921
-0.576147 0.999923
-0.574545 0.999928
-0.572329 0.999927
-0.570736 0.999916
-0.568494 0.999918
-0.566901 0.999932
-0.564687 0.999938
-0.563083 0.999936
-0.560893 0.999921
-0.559256 0.999912
-0.557049 0.999924
-0.555437 0.999934
-0.553239 0.999935
-0.551621 0.999944
-0.549433 0.999949
-0.547834 0.999948
-0.545614 0.999953
-0.544058 0.999943
-0.541814 0.99992
-0.540228 0.999898
-0.537988 0.999889
-0.536341 0.999893
-0.534175 0.999906
-0.532441 0.999929
-0.530426 0.999933
-0.528563 0.999929
-0.526671 0.999924
-0.524682 0.999919
-0.522901 0.999911
-0.520798 0.99991
-0.519104 0.999907
-0.516932 0.999905
-0.515282 0.999907
-0.513086 0.999903
-0.511447 0.999906
-0.509233 0.99992
-0.507635 0.99992
-0.505405 0.999919
-0.503797 0.999925
-0.501606 0.999914
-0.49995 0.999911
-0.497776 0.999914
-0.496127 0.99991
-0.493929 0.999914
-0.492302 0.999925
-0.4901 0.999921
-0.488501 0.999907
-0.486232 0.999919
-0.484691 0.999929
-0.482411 0.999935
-0.480865 0.999935
-0.478635 0.999906
-0.47701 0.999879
-0.474783 0.999884
-0.473119 0.999918
-0.470976 0.999932
-0.469295 0.999932
-0.467165 0.999932
-0.465496 0.999911
-0.463326 0.99992
-0.46164 0.999956
-0.459573 0.99997
-0.457822 0.999981
-0.455834 0.999982
-0.454046 0.999965
-0.452061 0.999957
-0.450247 0.999952
-0.44828 0.999951
-0.446432 0.999956
-0.444504 0.999964
-0.442634 0.999972
-0.440736 0.999982
-0.43886 0.999989
-0.436979 0.999994
-0.435103 0.999995
-0.433225 0.999994
-0.431348 0.999991
-0.429468 0.999987
-0.427586 0.999984
-0.425703 0.999981
-0.423819 0.99998
-0.421934 0.99998
-0.42005 0.999981
-0.418166 0.999982
-0.416283 0.999984
-0.414401 0.999986
-0.41252 0.999989
-0.41064 0.999991
-0.408761 0.999993
-0.406883 0.999994
-0.405006 0.999996
-0.403129 0.999997
-0.401253 0.999998
-0.399377 0.999998
-0.397501 0.999999
-0.395626 0.999999
-0.393751 0.999999
-0.391875 1
-0.39 1
-0.388125 1
-0.38625 1
-0.384375 1
-0.3825 1
-0.380625 1
-0.37875 1
-0.376875 1
-0.375 1
-0.373125 1
-0.37125 1
-0.369375 1
-0.3675 1
-0.365625 1
-0.36375 1
-0.361875 1
-0.36 1
-0.358125 1
-0.35625 1
-0.354375 1
-0.3525 1
-0.350625 1
-0.34875 1
-0.346875 1
-0.345 1
-0.343125 1
-0.34125 1
-0.339375 1
-0.3375 1
-0.335625 1
-0.33375 1
-0.331875 1
-0.33 1
-0.328125 1
-0.32625 1
-0.324375 1
-0.3225 1
-0.320625 1
-0.31875 1
-0.316875 1
-0.315 1
-0.313125 1
-0.31125 1
-0.309375 1
-0.3075 1
-0.305625 1
-0.30375 1
-0.301875 1
-0.3 1
-0.298125 1
-0.29625 1
-0.294375 1
-0.2925 1
-0.290625 1
-0.28875 1
-0.286875 1
-0.285 1
-0.283125 1
-0.28125 1
-0.279375 1
-0.2775 1
-0.275625 1
-0.27375 1
-0.271875 1
-0.27 1
-0.268125 1
-0.26625 1
-0.264375 1
-0.2625 1
-0.260625 1
-0.25875 1
-0.256875 1
-0.255 1
-0.253125 1
-0.25125 1
-0.249375 1
-0.2475 1
-0.245625 1
-0.24375 1
-0.241875 1
-0.24 1
-0.238125 1
-0.23625 1
-0.234375 1
-0.2325 1
-0.230625 1
-0.22875 1
-0.226875 1
-0.225 1
-0.223125 1
-0.22125 1
-0.219375 1
-0.2175 1
-0.215625 1
-0.21375 1
-0.211875 1
-0.21 1
-0.208125 1
-0.20625 1
-0.204375 1
-0.2025 1
-0.200625 1
-0.19875 0.999999
-0.196874 0.999998
-0.194998 0.999997
-0.193121 0.999995
-0.191243 0.999993
-0.189364 0.99999
-0.187483 0.999986
-0.1856 0.999981
-0.183715 0.999975
-0.181827 0.999969
-0.179935 0.999962
-0.178042 0.999955
-0.176141 0.999947
-0.174244 0.999939
-0.172328 0.99993
-0.170435 0.999921
-0.168494 0.99991
-0.16661 0.999888
-0.164632 0.999845
-0.162714 0.999745
-0.160636 0.999573
-0.158489 0.999384
-0.156195 0.999191
-0.153787 0.999065
-0.15133 0.998997
-0.148834 0.998951
-0.146308 0.998934
-0.143786 0.998925
-0.141249 0.998908
-0.138696 0.998902
-0.136148 0.998894
-0.133583 0.998877
-0.131003 0.998871
-0.128424 0.998859
-0.125825 0.998842
-0.123214 0.998835
-0.120601 0.998822
-0.117966 0.998807
-0.115323 0.998801
-0.112677 0.998787
-0.110008 0.998775
-0.107336 0.998769
-0.104657 0.998756
-0.101958 0.998746
-0.0992584 0.998741
-0.0965487 0.998728
-0.0938223 0.998721
-0.0910979 0.998715
-0.0883593 0.998703
-0.0856092 0.998699
-0.0828611 0.998691
-0.080096 0.998681
-0.0773257 0.998679
-0.0745546 0.998669
-0.0717662 0.998663
-0.0689787 0.99866
-0.0661858 0.998651
-0.0633789 0.998648
-0.0605777 0.998646
-0.0577669 0.998639
-0.0549507 0.998641
-0.052144 0.998641
-0.0493289 0.998641
-0.046521 0.998648
-0.0437213 0.998647
-0.0409135 0.99863
-0.0380544 0.99842
-0.034696 0.998082
-0.030946 0.998118
-0.0277716 0.998461
-0.0249108 0.998417
-0.0215002 0.998077
-0.017736 0.998126
-0.0145516 0.99842
-0.0115547 0.998328
-0.00801836 0.998093
-0.0044523 0.998235
-0.00134074 0.998353
0.00195585 0.998189
0.00552987 0.998181
0.00879485 0.998312
0.0120239 0.99824
0.0155206 0.998188
0.0188508 0.998275
0.0221098 0.998233
0.0255794 0.9982
0.0289046 0.998255
0.0322216 0.998216
0.0356636 0.998228
0.0389338 0.998252
0.0423234 0.998209
0.0456962 0.998248
0.0489856 0.998223
0.0524352 0.99822
0.0557155 0.998242
0.0591148 0.998219
0.0624613 0.998238
0.0658039 0.998216
0.0692151 0.998232
0.0725125 0.998249
0.0759073 0.998231
0.0792237 0.998239
0.082631 0.998249
0.0859493 0.998288
0.089331 0.998463
0.0925937 0.999861
0.0969903 0.180988
0.101557 0.182277
0.106768 0.182299
0.111349 0.182222
0.116525 0.182143
0.121116 0.18206
0.126421 0.181984
0.130931 0.181907
0.136146 0.181823
0.140694 0.181747
0.145777 0.181661
0.150497 0.181576
0.155862 0.181511
0.160291 0.18143
0.165838 0.181365
0.170098 0.181301
0.175002 0.181185
0.179905 0.181114
0.184703 0.181033
0.189726 0.180934
0.195688 0.18095
0.199547 0.180867
0.204817 0.180711
0.209325 0.1807
0.213639 0.180605
0.219157 0.180463
0.224478 0.180402
0.228972 0.180326
0.234611 0.180281
0.238833 0.180255
0.243376 0.180135
0.248626 0.180019
0.2561 0.180102
0.260331 0.180013
0.265775 0.179849
0.272418 0.180011
0.275731 0.179927
0.281843 0.17981
0.285206 0.179718
0.2925 0.1795
0.3 0.1795
0.3075 0.1795
0.315 0.1795
0.3225 0.1795
0.33 0.1795
0.3375 0.1795
0.345 0.1795
0.3525 0.1795
0.36 0.1795
0.3675 0.1795
0.375 0.1795
0.3825 0.1795
0.39 0.1795
0.3975 0.1795
0.405 0.1795
0.4125 0.1795
0.42 0.1795
0.4275 0.1795
0.435 0.1795
0.4425 0.1795
0.45 0.1795
0.4575 0.1795
0.465 0.1795
0.4725 0.1795
0.48 0.1795
0.4875 0.1795
0.495 0.1795
0.5025 0.1795
0.51 0.1795
0.5175 0.1795
0.525 0.1795
0.5325 0.1795
0.54 0.1795
0.5475 0.1795
0.555 0.1795
0.5625 0.1795
0.57 0.1795
0.5775 0.1795
0.585 0.1795
0.5925 0.1795
end.
