begin.
-0.09375 1
-0.0875 1
-0.08125 1
-0.075 1
-0.06875 1
-0.0625 1
-0.05625 1
-0.05 1
-0.04375 1
-0.0375 1
-0.03125 1
-0.025 1
-0.01875 1
-0.0125 1
-0.00625 1
1.1339e-17 1
0.00625 1
0.0125 1
0.01875 1
0.025 1
0.03125 1
0.0375 1
0.04375 1
0.05 1
0.05625 1
0.0625 1
0.06875 1
0.075 1
0.08125 1
0.0875 1
0.09375 1
0.1 1
0.10625 1
0.1125 1
0.11875 1
0.125 1
0.13125 1
0.1375 1
0.14375 1
0.15 1
0.15625 1
0.1625 1
0.16875 1
0.175 1
0.18125 1
0.1875 1
0.19375 1
0.2 1
0.20625 1
0.2125 1
0.21875 1
0.225 1
0.23125 1
0.2375 1
0.24375 1
0.25 1
0.25625 1.00001
0.2625 1.00002
0.26875 1.00003
0.275 1.00004
0.28125 1.00006
0.287499 1.00007
0.293749 1.00005
0.299998 0.999953
0.306248 0.999677
0.312498 0.999069
0.31875 0.997893
0.325007 0.9958
0.331273 0.992307
0.337552 0.986812
0.343857 0.97868
0.350202 0.967345
0.356605 0.95235
0.363085 0.93332
0.369664 0.909978
0.376373 0.882291
0.383249 0.850545
0.390322 0.815127
0.397616 0.77605
0.405164 0.732706
0.413043 0.684614
0.42136 0.632607
0.430192 0.579843
0.439606 0.53084
0.449633 0.491131
0.460179 0.469969
0.471027 0.484809
0.481304 0.557662
0.490812 0.624466
0.502605 0.501399
0.523353 0.180925
0.547005 0.191101
0.565585 0.413573
0.582457 0.530545
0.634522 0.477317
0.498024 0.0327716
0.574262 0.619322
0.593736 0.329888
0.625553 0.342231
0.648075 0.325746
0.668939 0.358551
0.682058 0.549626
0.689147 0.544896
0.702904 0.335413
0.725024 0.1938
0.749979 0.179602
0.774998 0.179418
0.8 0.179494
0.825 0.1795
0.85 0.1795
0.875 0.1795
0.9 0.1795
0.925 0.1795
0.95 0.1795
0.975 0.1795
1 0.1795
1.025 0.1795
1.05 0.1795
1.075 0.1795
1.1 0.1795
1.125 0.1795
1.15 0.1795
1.175 0.1795
1.2 0.1795
1.225 0.1795
1.25 0.1795
1.275 0.1795
1.3 0.1795
1.325 0.1795
1.35 0.1795
end.
