begin.
-0.602279 1.00109
-0.599256 1.00191
-0.597282 1.00185
-0.595391 1.00092
-0.593476 1.00013
-0.591583 0.99993
-0.589669 0.999933
-0.587763 0.999938
-0.585868 0.999942
-0.583953 0.99994
-0.582065 0.99994
-0.580146 0.999934
-0.57826 0.999932
-0.576317 0.999938
-0.574464 0.999946
-0.572502 0.99995
-0.57068 0.999947
-0.568694 0.999941
-0.566881 0.999936
-0.564886 0.999919
-0.563059 0.999908
-0.56104 0.999903
-0.559231 0.999909
-0.557176 0.999926
-0.555435 0.99995
-0.553343 0.999953
-0.551694 0.999921
-0.549477 0.999907
-0.547887 0.999893
-0.545623 0.999907
-0.543997 0.999953
-0.541895 0.999967
-0.540145 0.999977
-0.538182 0.99998
-0.536339 0.999971
-0.534428 0.999973
-0.53255 0.999972
-0.530658 0.999977
-0.528775 0.999981
-0.526891 0.999986
-0.525011 0.99999
-0.523132 0.999993
-0.521254 0.999995
-0.519377 0.999997
-0.517501 0.999998
-0.515626 0.999999
-0.51375 0.999999
-0.511875 1
-0.51 1
-0.508125 1
-0.50625 1
-0.504375 1
-0.5025 1
-0.500625 1
-0.49875 1
-0.496875 1
-0.495 1
-0.493125 1
-0.49125 1
-0.489375 1
-0.4875 1
-0.485625 1
-0.48375 1
-0.481875 1
-0.48 1
-0.478125 1
-0.47625 1
-0.474375 1
-0.4725 1
-0.470625 1
-0.46875 1
-0.466875 1
-0.465 1
-0.463125 1
-0.46125 1
-0.459375 1
-0.4575 1
-0.455625 1
-0.45375 1
-0.451875 1
-0.45 1
-0.448125 1
-0.44625 1
-0.444375 1
-0.4425 1
-0.440625 1
-0.43875 1
-0.436875 1
-0.435 1
-0.433125 1
-0.43125 1
-0.429375 1
-0.4275 1
-0.425625 1
-0.42375 1
-0.421875 1
-0.42 1
-0.418125 1
-0.41625 1
-0.414375 1
-0.4125 1
-0.410625 1
-0.40875 1
-0.406875 1
-0.405 1
-0.403125 1
-0.40125 1
-0.399375 1
-0.3975 1
-0.395625 1
-0.39375 1
-0.391875 1
-0.39 1
-0.388125 1
-0.38625 1
-0.384375 1
-0.3825 1
-0.380625 1
-0.37875 1
-0.376875 1
-0.375 1
-0.373125 1
-0.37125 1
-0.369375 1
-0.3675 1
-0.365625 1
-0.36375 1
-0.361875 1
-0.36 1
-0.358125 1
-0.35625 1
-0.354375 1
-0.3525 1
-0.350625 1
-0.34875 1
-0.346875 1
-0.345 1
-0.343125 1
-0.34125 1
-0.339375 1
-0.3375 1
-0.335625 1
-0.33375 1
-0.331875 1
-0.33 1
-0.328125 1
-0.32625 1
-0.324375 1
-0.3225 1
-0.320625 1
-0.31875 1
-0.316875 1
-0.315 1
-0.313125 1
-0.31125 1
-0.309375 1
-0.3075 1
-0.305625 1
-0.30375 1
-0.301875 1
-0.3 1
-0.298125 1
-0.29625 1
-0.294375 1
-0.2925 1
-0.290625 1
-0.28875 1
-0.286875 1
-0.285 1
-0.283125 1
-0.28125 1
-0.279375 1
-0.2775 1
-0.275625 1
-0.27375 1
-0.271875 1
-0.27 1
-0.268125 1
-0.26625 1
-0.264375 1
-0.2625 1
-0.260625 1
-0.25875 1
-0.256875 1
-0.255 1
-0.253125 1
-0.25125 1
-0.249375 1
-0.2475 1
-0.245625 1
-0.24375 1
-0.241875 1
-0.24 1
-0.238125 1
-0.23625 1
-0.234375 1
-0.2325 1
-0.230625 1
-0.22875 1
-0.226875 1
-0.225 1
-0.223125 1
-0.22125 1
-0.219375 1
-0.2175 1
-0.215625 1
-0.21375 1
-0.211875 1
-0.21 1
-0.208125 1
-0.20625 1
-0.204375 1
-0.2025 1
-0.200625 1
-0.19875 1
-0.196875 1
-0.195 1
-0.193125 1
-0.19125 1
-0.189375 1
-0.1875 1
-0.185625 1
-0.18375 1
-0.181875 1
-0.18 1
-0.178125 1
-0.17625 1
-0.174375 1
-0.1725 1
-0.170625 1
-0.16875 1
-0.166875 1
-0.165 1
-0.163125 1
-0.16125 1
-0.159375 1
-0.1575 1
-0.155625 1
-0.15375 1
-0.151875 1
-0.15 1
-0.148125 1
-0.14625 1
-0.144375 1
-0.1425 1
-0.140625 1
-0.13875 1
-0.136875 1
-0.135 1
-0.133125 1
-0.13125 1
-0.129375 1
-0.1275 1
-0.125625 1
-0.12375 1
-0.121875 1
-0.12 1
-0.118125 1
-0.11625 1
-0.114375 1
-0.1125 1
-0.110625 1
-0.10875 1
-0.106875 1
-0.105 1
-0.103125 1
-0.10125 1
-0.099375 1
-0.0975 1
-0.0956251 1
-0.0937501 1
-0.0918752 1
-0.0900003 1
-0.0881256 1
-0.0862509 1
-0.0843765 1
-0.0825021 1
-0.0806277 1
-0.078753 1
-0.0768775 0.999997
-0.0749997 0.999992
-0.0731199 0.999984
-0.0712319 0.999971
-0.0693444 0.999954
-0.0674319 0.99993
-0.065533 0.999879
-0.0635655 0.99978
-0.0615641 0.999617
-0.0594091 0.999395
-0.0571142 0.999193
-0.0547048 0.999034
-0.0521909 0.998932
-0.0496285 0.998881
-0.0470378 0.998835
-0.044394 0.998801
-0.0417377 0.998781
-0.0390566 0.998746
-0.03633 0.998726
-0.0336051 0.998709
-0.0308455 0.998679
-0.028057 0.998672
-0.025279 0.998656
-0.022459 0.99864
-0.019647 0.998651
-0.0168369 0.998501
-0.0136371 0.998148
-0.00985494 0.998004
-0.00635604 0.998288
-0.00338577 0.998444
-0.000202646 0.998209
0.00342546 0.998134
0.00672865 0.998297
0.00992713 0.998229
0.0134576 0.998204
0.016707 0.998259
0.0200781 0.998226
0.0234455 0.998246
0.0268052 0.998292
0.0300825 0.998256
0.0337729 0.998896
0.0372222 0.179802
0.0430947 0.180662
0.046843 0.180621
0.0529416 0.180555
0.0566288 0.180476
0.0628462 0.180416
0.0664456 0.180337
0.0724171 0.180214
0.0762246 0.180137
0.0831785 0.180251
0.0864019 0.180166
0.0932716 0.179935
0.0975133 0.179839
0.102805 0.179772
0.106866 0.179689
0.1125 0.1795
0.12 0.1795
0.1275 0.1795
0.135 0.1795
0.1425 0.1795
0.15 0.1795
0.1575 0.1795
0.165 0.1795
0.1725 0.1795
0.18 0.1795
0.1875 0.1795
0.195 0.1795
0.2025 0.1795
0.21 0.1795
0.2175 0.1795
0.225 0.1795
0.2325 0.1795
0.24 0.1795
0.2475 0.1795
0.255 0.1795
0.2625 0.1795
0.27 0.1795
0.2775 0.1795
0.285 0.1795
0.2925 0.1795
0.3 0.1795
0.3075 0.1795
0.315 0.1795
0.3225 0.1795
0.33 0.1795
0.3375 0.1795
0.345 0.1795
0.3525 0.1795
0.36 0.1795
0.3675 0.1795
0.375 0.1795
0.3825 0.1795
0.39 0.1795
0.3975 0.1795
0.405 0.1795
0.4125 0.1795
0.42 0.1795
0.4275 0.1795
0.435 0.1795
0.4425 0.1795
0.45 0.1795
0.4575 0.1795
0.465 0.1795
0.4725 0.1795
0.48 0.1795
0.4875 0.1795
0.495 0.1795
0.5025 0.1795
0.51 0.1795
0.5175 0.1795
0.525 0.1795
0.5325 0.1795
0.54 0.1795
0.5475 0.1795
0.555 0.1795
0.5625 0.1795
0.57 0.1795
0.5775 0.1795
0.585 0.1795
0.5925 0.1795
end.
