begin.
-0.09375 1
-0.0875 1
-0.08125 1
-0.075 1
-0.06875 1
-0.0625 1
-0.05625 1
-0.05 1
-0.04375 1
-0.0375 1
-0.03125 1
-0.025 1
-0.01875 1
-0.0125 1
-0.00625 1
1.0167e-15 1
0.00625 1
0.0125 1
0.01875 1
0.025 1
0.03125 1
0.0375 1
0.04375 1
0.05 1
0.05625 1
0.0625 1
0.06875 1
0.075 1
0.08125 1
0.0875 1
0.09375 1
0.1 1
0.10625 1
0.1125 1
0.11875 1
0.125 1
0.13125 1
0.1375 1
0.14375 1
0.15 1
0.15625 1
0.1625 1.00001
0.16875 1.00001
0.175 1.00002
0.18125 1.00002
0.1875 1.00003
0.19375 1.00002
0.199999 0.999979
0.206249 0.999883
0.212499 0.999678
0.21875 0.999282
0.225003 0.998577
0.231258 0.997392
0.237518 0.995502
0.243786 0.992627
0.250067 0.988444
0.256368 0.982612
0.262697 0.974806
0.269064 0.96476
0.275482 0.952299
0.281963 0.937389
0.288524 0.920156
0.295179 0.900873
0.30194 0.87988
0.308819 0.857478
0.315828 0.833839
0.322978 0.808944
0.330283 0.7826
0.337762 0.75446
0.345438 0.724163
0.353347 0.691609
0.361532 0.657215
0.370031 0.621898
0.378872 0.586763
0.388081 0.552993
0.397684 0.521969
0.407678 0.495691
0.418023 0.477026
0.428606 0.469703
0.439206 0.476095
0.449582 0.491715
0.459545 0.501669
0.469315 0.491816
0.479578 0.45952
0.490584 0.405565
0.502645 0.329354
0.518124 0.258904
0.535007 0.253565
0.552041 0.441612
0.560568 0.546422
0.577648 0.364248
0.596181 0.246888
0.614813 0.404318
0.617973 0.445088
0.710196 0.309196
0.566407 0.0205787
0.640066 0.374277
0.649866 0.33498
0.672198 0.461388
0.685828 0.590292
0.683735 0.616033
0.725993 0.410931
0.73673 0.424139
0.751881 0.297165
0.772894 0.282923
0.78936 0.491724
0.798068 0.550467
0.808244 0.453341
0.825783 0.242313
0.849966 0.182833
0.87499 0.179366
0.899999 0.179462
0.925 0.179498
0.95 0.1795
0.975 0.1795
1 0.1795
1.025 0.1795
1.05 0.1795
1.075 0.1795
1.1 0.1795
1.125 0.1795
1.15 0.1795
1.175 0.1795
1.2 0.1795
1.225 0.1795
1.25 0.1795
1.275 0.1795
1.3 0.1795
1.325 0.1795
1.35 0.1795
end.
