begin.
-0.09375 1
-0.0875 1
-0.08125 1
-0.075 1
-0.06875 1
-0.0625 1
-0.05625 1
-0.05 1
-0.04375 1
-0.0375 1
-0.03125 1
-0.025 1
-0.01875 1
-0.0125 1
-0.00625 1
1.35709e-17 1
0.00625 1
0.0125 1
0.01875 1
0.025 1
0.03125 1
0.0375 1
0.04375 1
0.05 1
0.05625 1
0.0625 1
0.06875 1
0.075 1
0.08125 1
0.0875 1
0.09375 1
0.1 1
0.10625 1
0.1125 1
0.11875 1
0.125 1
0.13125 1
0.1375 1
0.14375 1
0.15 1
0.15625 1
0.1625 1
0.16875 1
0.175 1
0.18125 1
0.1875 1
0.19375 1
0.2 1
0.20625 1
0.2125 1
0.21875 1
0.225 1
0.23125 1
0.2375 1
0.24375 1
0.25 1
0.25625 1
0.2625 1
0.26875 1
0.275 1.00001
0.28125 1.00002
0.2875 1.00003
0.29375 1.00005
0.3 1.00007
0.306249 1.00009
0.312499 1.00008
0.318748 0.999993
0.324998 0.999718
0.331247 0.999067
0.337499 0.997758
0.343756 0.995396
0.350023 0.991432
0.356307 0.985142
0.362617 0.975697
0.368972 0.962364
0.375398 0.944697
0.381924 0.922493
0.388568 0.895481
0.395356 0.863124
0.402334 0.82501
0.409569 0.781567
0.417123 0.733896
0.425029 0.682476
0.433341 0.62665
0.442227 0.567752
0.451857 0.51212
0.462251 0.473472
0.473209 0.48203
0.483726 0.567898
0.493806 0.642508
0.506281 0.428378
0.528571 0.163824
0.551881 0.28093
0.568007 0.491607
0.611232 0.393173
0.497644 0.04193
0.568606 0.550944
0.593246 0.232645
0.62265 0.310247
0.645722 0.36313
0.657116 0.535983
0.666336 0.533793
0.678421 0.359477
0.700051 0.197313
0.724977 0.179708
0.749998 0.179408
0.775 0.179493
0.8 0.1795
0.825 0.1795
0.85 0.1795
0.875 0.1795
0.9 0.1795
0.925 0.1795
0.95 0.1795
0.975 0.1795
1 0.1795
1.025 0.1795
1.05 0.1795
1.075 0.1795
1.1 0.1795
1.125 0.1795
1.15 0.1795
1.175 0.1795
1.2 0.1795
1.225 0.1795
1.25 0.1795
1.275 0.1795
1.3 0.1795
1.325 0.1795
1.35 0.1795
end.
