begin.
-0.82234 1.00073
-0.775241 1.00068
-0.988518 0.987094
-0.621574 0.990529
-0.600342 0.983387
-0.597624 1.0033
-0.595766 0.98506
-0.59385 0.996875
-0.591842 0.999934
-0.590056 0.999908
-0.587966 0.999911
-0.58625 0.999917
-0.584113 0.999916
-0.58244 0.99991
-0.580259 0.999915
-0.578622 0.999915
-0.576425 0.999904
-0.574782 0.999902
-0.572566 0.999927
-0.570964 0.999937
-0.568774 0.99991
-0.567119 0.999898
-0.564912 0.999921
-0.563306 0.999927
-0.561088 0.999927
-0.55947 0.999933
-0.557303 0.999919
-0.555627 0.999901
-0.553466 0.999917
-0.551766 0.99995
-0.5497 0.99996
-0.547959 0.999937
-0.54592 0.999926
-0.544094 0.999951
-0.542151 0.999982
-0.540297 0.999978
-0.538415 0.999964
-0.536482 0.999955
-0.534662 0.999923
-0.532637 0.999902
-0.530802 0.999947
-0.528833 0.999994
-0.527059 0.999991
-0.525064 0.999973
-0.523279 0.999973
-0.521285 0.999975
-0.519525 0.999946
-0.517477 0.999919
-0.515687 0.999934
-0.513656 0.999939
-0.511915 0.999896
-0.509787 0.999857
-0.50804 0.999861
-0.505873 0.999882
-0.504214 0.999872
-0.501974 0.999859
-0.500353 0.99985
-0.498068 0.99985
-0.496461 0.999853
-0.494184 0.999847
-0.492558 0.999837
-0.490295 0.999848
-0.488619 0.999882
-0.486472 0.999916
-0.484718 0.999941
-0.482753 0.999935
-0.480826 0.999926
-0.479001 0.999924
-0.476942 0.999914
-0.475229 0.999897
-0.473041 0.999903
-0.47141 0.99992
-0.469202 0.99992
-0.467595 0.999912
-0.465365 0.999903
-0.46376 0.999896
-0.46151 0.999901
-0.459909 0.999904
-0.457689 0.999893
-0.456032 0.999904
-0.453861 0.999908
-0.4522 0.999896
-0.44999 0.999915
-0.448374 0.999929
-0.446191 0.999907
-0.444528 0.999879
-0.44233 0.999883
-0.440644 0.999904
-0.438515 0.999914
-0.436778 0.999913
-0.434725 0.999911
-0.432888 0.999929
-0.430952 0.999933
-0.429041 0.999927
-0.427147 0.999933
-0.425212 0.999938
-0.423345 0.999943
-0.421401 0.999932
-0.419545 0.999918
-0.417548 0.999917
-0.41574 0.999915
-0.413696 0.999902
-0.411913 0.999889
-0.409822 0.99987
-0.408081 0.999828
-0.405876 0.99982
-0.404163 0.999849
-0.401973 0.999864
-0.400306 0.999846
-0.398069 0.99983
-0.396399 0.999831
-0.394151 0.999832
-0.392487 0.999836
-0.39023 0.999838
-0.388608 0.9998
-0.386274 0.999779
-0.384616 0.999771
-0.382353 0.999731
-0.380539 0.999687
-0.378372 0.999563
-0.376249 0.999518
-0.37417 0.99937
-0.371786 0.999255
-0.369562 0.999218
-0.367195 0.999063
-0.364685 0.999056
-0.36233 0.999006
-0.359769 0.998908
-0.357203 0.998978
-0.35481 0.998917
-0.352136 0.99889
-0.349656 0.998971
-0.347178 0.998858
-0.344458 0.998907
-0.342057 0.998889
-0.33934 0.998835
-0.336792 0.998976
-0.334373 0.998878
-0.331623 0.998856
-0.329167 0.998924
-0.326567 0.998863
-0.323982 0.998882
-0.321418 0.998909
-0.318909 0.998815
-0.316145 0.998835
-0.313657 0.998898
-0.311048 0.998817
-0.308384 0.998876
-0.305899 0.998855
-0.303199 0.998791
-0.300579 0.998876
-0.298041 0.99884
-0.295366 0.998828
-0.292786 0.998872
-0.290219 0.998794
-0.287483 0.998792
-0.2849 0.998827
-0.282241 0.998762
-0.279531 0.998813
-0.276953 0.998819
-0.274282 0.99877
-0.271591 0.99882
-0.26902 0.9988
-0.266298 0.998767
-0.263651 0.99883
-0.261055 0.998776
-0.258316 0.998774
-0.255694 0.998799
-0.253026 0.998728
-0.250254 0.998749
-0.247619 0.99876
-0.244878 0.998705
-0.242129 0.998764
-0.239495 0.998744
-0.236728 0.998719
-0.234025 0.998762
-0.231354 0.99871
-0.228549 0.998701
-0.22585 0.99873
-0.223109 0.998671
-0.220294 0.998703
-0.2176 0.99871
-0.21482 0.998674
-0.212041 0.998715
-0.209345 0.998698
-0.206541 0.998674
-0.203789 0.998709
-0.201055 0.998666
-0.198226 0.998667
-0.195478 0.998685
-0.192696 0.998647
-0.189867 0.998667
-0.187122 0.998674
-0.184314 0.998646
-0.181511 0.998678
-0.178763 0.998665
-0.175944 0.998654
-0.173164 0.998677
-0.170396 0.998652
-0.167568 0.998652
-0.164794 0.998663
-0.161994 0.998635
-0.159163 0.998648
-0.156383 0.998647
-0.153555 0.998629
-0.150733 0.998647
-0.147942 0.998636
-0.145103 0.998629
-0.142294 0.998646
-0.13949 0.99863
-0.13665 0.998635
-0.133852 0.998643
-0.131034 0.998629
-0.128205 0.998642
-0.125412 0.998642
-0.122589 0.998635
-0.119779 0.998652
-0.11699 0.998645
-0.11417 0.998645
-0.111376 0.998654
-0.108577 0.998641
-0.105755 0.998644
-0.102961 0.998647
-0.100148 0.998637
-0.0973327 0.998647
-0.09454 0.998645
-0.0917233 0.998641
-0.0889185 0.998649
-0.0861203 0.998645
-0.0832987 0.998534
-0.0802104 0.998224
-0.0765694 0.998065
-0.0731424 0.998272
-0.0700741 0.998276
-0.0665729 0.998094
-0.0630558 0.998274
-0.0600597 0.99838
-0.0567475 0.998107
-0.0529568 0.998113
-0.0497526 0.998459
-0.0468722 0.998397
-0.0433668 0.998066
-0.0396222 0.998195
-0.0365458 0.998483
-0.0335223 0.998307
-0.0298649 0.998086
-0.0263319 0.998321
-0.023344 0.998451
-0.0200755 0.998203
-0.0163899 0.998171
-0.0131144 0.998391
-0.0100208 0.998327
-0.00649118 0.998161
-0.00299631 0.998297
0.000129871 0.998374
0.00346979 0.998219
0.00702856 0.998233
0.0102763 0.998358
0.0135152 0.998275
0.0170264 0.99822
0.0203666 0.998323
0.0235973 0.998291
0.0270629 0.99822
0.0304513 0.998299
0.033693 0.998299
0.0371107 0.998231
0.0405149 0.99828
0.0437885 0.998291
0.0471819 0.998246
0.0505608 0.998282
0.0538508 0.998274
0.0572674 0.998234
0.0606475 0.998279
0.063934 0.998279
0.0673287 0.99825
0.0706764 0.998279
0.073992 0.998256
0.0774118 0.998239
0.0807559 0.998261
0.0841187 0.998245
0.0875032 0.998263
0.0908078 0.998258
0.0942165 0.998237
0.0975615 0.998274
0.100869 0.998261
0.104257 0.99826
0.107555 0.998259
0.110954 0.998233
0.114312 0.998253
0.117653 0.998225
0.121095 0.998248
0.124355 0.998282
0.127714 0.99825
0.13106 0.998257
0.134399 0.998208
0.13789 0.998185
0.141274 0.998222
0.14465 0.998267
0.147912 0.998275
0.151283 0.99822
0.15469 0.998234
0.158002 0.998287
0.161269 0.99828
0.16462 0.9982
0.168105 0.998207
0.171413 0.998234
0.174834 0.99823
0.178146 0.998258
0.181494 0.998231
0.184878 0.998252
0.188171 0.998258
0.191544 0.998214
0.194952 0.998217
0.198321 0.998203
0.201785 0.998211
0.205089 0.998273
0.208437 0.998262
0.211801 0.998285
0.215193 0.998877
0.218197 1.00213
0.223332 0.183897
0.226709 0.186103
0.233285 0.186274
0.236659 0.186192
0.242993 0.186142
0.246306 0.18606
0.252623 0.185964
0.255976 0.185886
0.262557 0.185831
0.265852 0.185746
0.272474 0.185626
0.275842 0.185546
0.281887 0.185414
0.285397 0.185332
0.2916 0.185272
0.29505 0.185193
0.302103 0.185189
0.305399 0.185102
0.311496 0.185013
0.314805 0.18493
0.321095 0.184827
0.324421 0.184744
0.330579 0.184606
0.334036 0.184523
0.341097 0.184512
0.344416 0.184429
0.35021 0.184286
0.353642 0.184211
0.360248 0.184172
0.363595 0.184094
0.370321 0.184051
0.373636 0.183971
0.379813 0.183845
0.383182 0.18377
0.389688 0.183725
0.392996 0.183647
0.399425 0.183546
0.402776 0.183469
0.408796 0.183265
0.412564 0.183189
0.419256 0.183273
0.42255 0.183191
0.429 0.183088
0.432325 0.183008
0.438658 0.182904
0.442026 0.182825
0.448043 0.182665
0.451665 0.182587
0.458451 0.182634
0.461747 0.182553
0.467998 0.182415
0.471415 0.182339
0.477096 0.182128
0.481061 0.182058
0.488109 0.182179
0.491484 0.182106
0.497393 0.181959
0.500859 0.181887
0.506393 0.181674
0.510481 0.181603
0.517708 0.181743
0.521128 0.18167
0.526962 0.181545
0.530382 0.181472
0.536182 0.181285
0.539988 0.181207
0.545253 0.181098
0.549175 0.181019
0.553936 0.181769
0.555733 0.181791
0.560067 0.181121
0.563726 0.181305
0.566486 0.181198
0.570935 0.181198
0.573651 0.181298
0.577161 0.180995
0.580953 0.18079
0.585155 0.180479
0.592278 0.180427
0.596116 0.18008
end.
