begin.
-0.09375 1
-0.0875 1
-0.08125 1
-0.075 1
-0.06875 1
-0.0625 1
-0.05625 1
-0.05 1
-0.04375 1
-0.0375 1
-0.03125 1
-0.025 1
-0.01875 1
-0.0125 1
-0.00625 1
2.99036e-18 1
0.00625 1
0.0125 1
0.01875 1
0.025 1
0.03125 1
0.0375 1
0.04375 1
0.05 1
0.05625 1
0.0625 1
0.06875 1
0.075 1
0.08125 1
0.0875 1
0.09375 1
0.1 1
0.10625 1
0.1125 1
0.11875 1
0.125 1
0.13125 1
0.1375 1
0.14375 1
0.15 1
0.15625 1
0.1625 1
0.16875 1
0.175 1
0.18125 1
0.1875 1
0.19375 1
0.2 1
0.20625 1
0.2125 1
0.21875 1
0.225 1
0.23125 1
0.2375 1
0.24375 1
0.25 1
0.25625 1
0.2625 1
0.26875 1
0.275 1
0.28125 1
0.2875 1
0.29375 1
0.3 1
0.30625 1
0.3125 1
0.31875 1
0.325 1
0.33125 1
0.3375 1.00001
0.34375 1.00002
0.35 1.00005
0.35625 1.00009
0.3625 1.00016
0.368749 1.00021
0.374997 1.00017
0.381245 0.999955
0.387494 0.999342
0.393747 0.997851
0.400001 0.994538
0.40626 0.98811
0.412542 0.977377
0.418891 0.96155
0.42534 0.939718
0.431884 0.909506
0.438539 0.867086
0.445436 0.809802
0.452821 0.739173
0.460895 0.661958
0.469516 0.587499
0.479058 0.513831
0.489293 0.452877
0.50175 0.45633
0.518609 0.428226
0.534475 0.2751
0.512184 0.0217871
0.570282 0.211743
0.589949 0.54497
0.593775 0.601537
0.605761 0.438684
0.625177 0.215484
0.649974 0.180217
0.674999 0.179397
0.7 0.179494
0.725 0.1795
0.75 0.1795
0.775 0.1795
0.8 0.1795
0.825 0.1795
0.85 0.1795
0.875 0.1795
0.9 0.1795
0.925 0.1795
0.95 0.1795
0.975 0.1795
1 0.1795
1.025 0.1795
1.05 0.1795
1.075 0.1795
1.1 0.1795
1.125 0.1795
1.15 0.1795
1.175 0.1795
1.2 0.1795
1.225 0.1795
1.25 0.1795
1.275 0.1795
1.3 0.1795
1.325 0.1795
1.35 0.1795
end.
