begin.
-0.628041 1.00061
-0.601506 1.00277
-0.598404 1.00435
-0.59699 1.00301
-0.594652 1.00082
-0.593127 0.999976
-0.590871 0.999923
-0.589286 0.999916
-0.587047 0.999931
-0.585459 0.999948
-0.583258 0.999953
-0.581661 0.999945
-0.579461 0.999934
-0.577858 0.99991
-0.575628 0.999892
-0.574001 0.999887
-0.571778 0.999885
-0.570142 0.999876
-0.567914 0.999878
-0.566263 0.999882
-0.56408 0.999875
-0.562367 0.999878
-0.560235 0.999903
-0.558486 0.999932
-0.556466 0.99995
-0.554635 0.999962
-0.55273 0.99997
-0.550808 0.999972
-0.548994 0.999976
-0.546999 0.999969
-0.545247 0.999963
-0.543187 0.99995
-0.541478 0.99994
-0.539355 0.999932
-0.537687 0.999928
-0.535515 0.999928
-0.533886 0.999926
-0.531686 0.99992
-0.530065 0.999916
-0.52786 0.999907
-0.526229 0.999907
-0.52401 0.999922
-0.522417 0.999926
-0.520185 0.999928
-0.518598 0.999924
-0.516382 0.99991
-0.514744 0.99991
-0.51256 0.999913
-0.510904 0.999913
-0.508734 0.999906
-0.507071 0.999895
-0.504878 0.999895
-0.503224 0.999917
-0.501027 0.999938
-0.499446 0.999933
-0.497188 0.999926
-0.495655 0.999901
-0.493346 0.999895
-0.491761 0.999927
-0.489581 0.999934
-0.487897 0.999939
-0.485814 0.999938
-0.484072 0.999921
-0.482005 0.999924
-0.480227 0.999936
-0.47822 0.999948
-0.476395 0.999966
-0.474463 0.999981
-0.472606 0.99999
-0.470715 0.999998
-0.468848 0.999998
-0.466967 0.999996
-0.465093 0.999991
-0.463211 0.999986
-0.46133 0.999982
-0.459445 0.999979
-0.457561 0.999979
-0.455676 0.999979
-0.453791 0.999981
-0.451908 0.999983
-0.450025 0.999986
-0.448144 0.999988
-0.446264 0.999991
-0.444385 0.999993
-0.442507 0.999995
-0.44063 0.999996
-0.438753 0.999997
-0.436877 0.999998
-0.435001 0.999999
-0.433126 0.999999
-0.431251 0.999999
-0.429375 1
-0.4275 1
-0.425625 1
-0.42375 1
-0.421875 1
-0.42 1
-0.418125 1
-0.41625 1
-0.414375 1
-0.4125 1
-0.410625 1
-0.40875 1
-0.406875 1
-0.405 1
-0.403125 1
-0.40125 1
-0.399375 1
-0.3975 1
-0.395625 1
-0.39375 1
-0.391875 1
-0.39 1
-0.388125 1
-0.38625 1
-0.384375 1
-0.3825 1
-0.380625 1
-0.37875 1
-0.376875 1
-0.375 1
-0.373125 1
-0.37125 1
-0.369375 1
-0.3675 1
-0.365625 1
-0.36375 1
-0.361875 1
-0.36 1
-0.358125 1
-0.35625 1
-0.354375 1
-0.3525 1
-0.350625 1
-0.34875 1
-0.346875 1
-0.345 1
-0.343125 1
-0.34125 1
-0.339375 1
-0.3375 1
-0.335625 1
-0.33375 1
-0.331875 1
-0.33 1
-0.328125 1
-0.32625 1
-0.324375 1
-0.3225 1
-0.320625 1
-0.31875 1
-0.316875 1
-0.315 1
-0.313125 1
-0.31125 1
-0.309375 1
-0.3075 1
-0.305625 1
-0.30375 1
-0.301875 1
-0.3 1
-0.298125 1
-0.29625 1
-0.294375 1
-0.2925 1
-0.290625 1
-0.28875 1
-0.286875 1
-0.285 1
-0.283125 1
-0.28125 1
-0.279375 1
-0.2775 1
-0.275625 1
-0.27375 1
-0.271875 1
-0.27 1
-0.268125 1
-0.26625 1
-0.264375 1
-0.2625 1
-0.260625 1
-0.25875 1
-0.256875 1
-0.255 1
-0.253125 1
-0.25125 1
-0.249375 1
-0.2475 1
-0.245625 1
-0.24375 1
-0.241875 1
-0.24 1
-0.238125 1
-0.23625 1
-0.234375 1
-0.2325 1
-0.230625 1
-0.22875 1
-0.226875 1
-0.225 1
-0.223125 1
-0.22125 1
-0.219375 1
-0.2175 1
-0.215625 1
-0.21375 1
-0.211875 1
-0.21 1
-0.208125 1
-0.20625 1
-0.204375 1
-0.2025 1
-0.200625 1
-0.19875 1
-0.196875 1
-0.195 1
-0.193125 1
-0.19125 1
-0.189375 1
-0.1875 1
-0.185625 1
-0.18375 1
-0.181875 1
-0.18 1
-0.178125 1
-0.17625 1
-0.174375 1
-0.1725 1
-0.170625 1
-0.16875 1
-0.166876 1
-0.165001 1
-0.163125 1
-0.16125 0.999999
-0.159374 0.999998
-0.157498 0.999996
-0.155621 0.999993
-0.153742 0.99999
-0.151861 0.999985
-0.149977 0.99998
-0.148091 0.999973
-0.146201 0.999965
-0.144309 0.999957
-0.142407 0.999946
-0.140511 0.999936
-0.138591 0.999924
-0.136694 0.999908
-0.134748 0.999883
-0.132838 0.999815
-0.130824 0.999686
-0.128757 0.999506
-0.126535 0.999297
-0.124188 0.999134
-0.121762 0.999028
-0.119274 0.998964
-0.116754 0.998936
-0.114227 0.998916
-0.111678 0.998897
-0.109116 0.998888
-0.106551 0.998873
-0.103963 0.998856
-0.101364 0.998846
-0.0987584 0.998829
-0.0961285 0.998813
-0.0934901 0.998803
-0.0908429 0.998787
-0.0881719 0.998773
-0.0854966 0.998765
-0.0828095 0.998748
-0.0801015 0.998738
-0.0773927 0.99873
-0.0746685 0.998715
-0.0719284 0.998708
-0.0691891 0.998699
-0.066431 0.998686
-0.0636639 0.998682
-0.0608963 0.998672
-0.0581084 0.998663
-0.0553194 0.99866
-0.0525258 0.998649
-0.0497149 0.998645
-0.0469109 0.998644
-0.0440985 0.998637
-0.0412805 0.998642
-0.0384776 0.998644
-0.0356658 0.998648
-0.0328646 0.998573
-0.0298491 0.998255
-0.0261908 0.998011
-0.0225892 0.998258
-0.0196491 0.998518
-0.0166461 0.998283
-0.0129999 0.998041
-0.00942667 0.998248
-0.00638812 0.998399
-0.00314849 0.998195
0.000468107 0.998145
0.00377265 0.998307
0.00695079 0.998252
0.0104594 0.998158
0.0138493 0.998264
0.0170604 0.998253
0.0205147 0.998192
0.0238671 0.998258
0.027133 0.998229
0.0305893 0.998214
0.0338784 0.998243
0.0372611 0.9982
0.0406597 0.998242
0.0439411 0.998227
0.0473801 0.998225
0.0506543 0.998247
0.054061 0.99823
0.0573829 0.998232
0.0607633 0.998236
0.0641177 0.998259
0.0674558 0.99827
0.070839 0.99847
0.074111 0.999501
0.0785058 0.180601
0.0830896 0.18177
0.0882514 0.181777
0.0928203 0.181699
0.0980728 0.181618
0.102691 0.181537
0.107846 0.181443
0.112632 0.181365
0.117626 0.181313
0.122087 0.181233
0.127443 0.181165
0.131821 0.181088
0.137265 0.180956
0.142334 0.180883
0.147027 0.180818
0.151796 0.180733
0.156781 0.180734
0.160838 0.180659
0.166669 0.180513
0.171328 0.18043
0.176472 0.180325
0.181563 0.180257
0.18624 0.180268
0.190346 0.180182
0.196115 0.180012
0.203287 0.180238
0.206566 0.180152
0.213265 0.179839
0.218675 0.179794
0.222938 0.179769
0.227377 0.179641
0.232498 0.179497
0.24 0.1795
0.2475 0.1795
0.255 0.1795
0.2625 0.1795
0.27 0.1795
0.2775 0.1795
0.285 0.1795
0.2925 0.1795
0.3 0.1795
0.3075 0.1795
0.315 0.1795
0.3225 0.1795
0.33 0.1795
0.3375 0.1795
0.345 0.1795
0.3525 0.1795
0.36 0.1795
0.3675 0.1795
0.375 0.1795
0.3825 0.1795
0.39 0.1795
0.3975 0.1795
0.405 0.1795
0.4125 0.1795
0.42 0.1795
0.4275 0.1795
0.435 0.1795
0.4425 0.1795
0.45 0.1795
0.4575 0.1795
0.465 0.1795
0.4725 0.1795
0.48 0.1795
0.4875 0.1795
0.495 0.1795
0.5025 0.1795
0.51 0.1795
0.5175 0.1795
0.525 0.1795
0.5325 0.1795
0.54 0.1795
0.5475 0.1795
0.555 0.1795
0.5625 0.1795
0.57 0.1795
0.5775 0.1795
0.585 0.1795
0.5925 0.1795
end.
