begin.
-0.09375 1
-0.0875 1
-0.08125 1
-0.075 1
-0.06875 1
-0.0625 1
-0.05625 1
-0.05 1
-0.04375 1
-0.0375 1
-0.03125 1
-0.025 1
-0.01875 1
-0.0125 1
-0.00625 1
1.40201e-17 1
0.00625 1
0.0125 1
0.01875 1
0.025 1
0.03125 1
0.0375 1
0.04375 1
0.05 1
0.05625 1
0.0625 1
0.06875 1
0.075 1
0.08125 1
0.0875 1
0.09375 1
0.1 1
0.10625 1
0.1125 1
0.11875 1
0.125 1
0.13125 1
0.1375 1
0.14375 1
0.15 1
0.15625 1
0.1625 1
0.16875 1
0.175 1
0.18125 1
0.1875 1
0.19375 1
0.2 1
0.20625 1
0.2125 1
0.21875 1
0.225 1
0.23125 1
0.2375 1
0.24375 1
0.25 1
0.25625 1
0.2625 1
0.26875 1.00001
0.275 1.00001
0.28125 1.00003
0.2875 1.00004
0.29375 1.00007
0.299999 1.00008
0.306249 1.00008
0.312498 0.999998
0.318748 0.99976
0.324998 0.999198
0.331249 0.998042
0.337505 0.99591
0.343769 0.992311
0.35005 0.986641
0.356356 0.978167
0.3627 0.966095
0.369103 0.949769
0.375595 0.928908
0.382208 0.903592
0.388963 0.87384
0.395881 0.839189
0.403004 0.799077
0.410406 0.753658
0.418167 0.704116
0.426327 0.651571
0.434936 0.596621
0.444151 0.541465
0.454094 0.493269
0.464739 0.467471
0.475695 0.499936
0.485859 0.591888
0.496049 0.647967
0.51031 0.342364
0.533954 0.158207
0.556743 0.330401
0.571515 0.533278
0.618324 0.42235
0.497456 0.0452869
0.570587 0.611428
0.592442 0.218878
0.623511 0.386828
0.646874 0.305907
0.661086 0.498014
0.670778 0.538535
0.680789 0.42317
0.700299 0.217695
0.724965 0.180729
0.749996 0.179363
0.775 0.179484
0.8 0.1795
0.825 0.1795
0.85 0.1795
0.875 0.1795
0.9 0.1795
0.925 0.1795
0.95 0.1795
0.975 0.1795
1 0.1795
1.025 0.1795
1.05 0.1795
1.075 0.1795
1.1 0.1795
1.125 0.1795
1.15 0.1795
1.175 0.1795
1.2 0.1795
1.225 0.1795
1.25 0.1795
1.275 0.1795
1.3 0.1795
1.325 0.1795
1.35 0.1795
end.
