begin.
-0.09375 1
-0.0875 1
-0.08125 1
-0.075 1
-0.06875 1
-0.0625 1
-0.05625 1
-0.05 1
-0.04375 1
-0.0375 1
-0.03125 1
-0.025 1
-0.01875 1
-0.0125 1
-0.00625 1
8.0326e-16 1
0.00625 1
0.0125 1
0.01875 1
0.025 1
0.03125 1
0.0375 1
0.04375 1
0.05 1
0.05625 1
0.0625 1
0.06875 1
0.075 1
0.08125 1
0.0875 1
0.09375 1
0.1 1
0.10625 1
0.1125 1
0.11875 1
0.125 1
0.13125 1
0.1375 1
0.14375 1
0.15 1
0.15625 1
0.1625 1.00001
0.16875 1.00001
0.175 1.00002
0.18125 1.00002
0.1875 1.00003
0.19375 1.00002
0.199999 1
0.206249 0.999935
0.212499 0.999783
0.21875 0.999477
0.225001 0.998914
0.231255 0.997944
0.237513 0.996362
0.243777 0.993905
0.250053 0.99026
0.256345 0.985088
0.262662 0.978047
0.269013 0.968836
0.275409 0.957232
0.281866 0.943145
0.288396 0.926646
0.295015 0.907958
0.301737 0.887393
0.308573 0.865267
0.315537 0.841813
0.32264 0.817109
0.329894 0.791029
0.337316 0.763233
0.344929 0.733296
0.352766 0.701024
0.360871 0.666755
0.369284 0.631343
0.378031 0.595809
0.387142 0.561236
0.396648 0.528953
0.406557 0.500983
0.416836 0.480178
0.427384 0.470195
0.438 0.473934
0.448439 0.488582
0.458474 0.500861
0.468252 0.496031
0.478382 0.468729
0.489124 0.416211
0.501009 0.339209
0.516122 0.269782
0.532438 0.243922
0.55062 0.431173
0.560258 0.564405
0.576701 0.355648
0.594309 0.241667
0.613243 0.384011
0.618068 0.433147
0.709292 0.30612
0.563343 0.0243972
0.637757 0.386889
0.648253 0.323378
0.671181 0.481596
0.682755 0.640407
0.68312 0.635319
0.724911 0.416387
0.735353 0.421631
0.7511 0.287639
0.772223 0.30268
0.787618 0.512469
0.795875 0.550603
0.806735 0.425302
0.825482 0.225148
0.849965 0.181511
0.874993 0.179362
0.9 0.179472
0.925 0.179499
0.95 0.1795
0.975 0.1795
1 0.1795
1.025 0.1795
1.05 0.1795
1.075 0.1795
1.1 0.1795
1.125 0.1795
1.15 0.1795
1.175 0.1795
1.2 0.1795
1.225 0.1795
1.25 0.1795
1.275 0.1795
1.3 0.1795
1.325 0.1795
1.35 0.1795
end.
