begin.
-0.09375 1
-0.0875 1
-0.08125 1
-0.075 1
-0.06875 1
-0.0625 1
-0.05625 1
-0.05 1
-0.04375 1
-0.0375 1
-0.03125 1
-0.025 1
-0.01875 1
-0.0125 1
-0.00625 1
79.7284 291478
-183.11 -2.83953e+07
48.7056 -3.31358e+06
1196.44 -721912
55104.3 2.32356e+12
-129153 5.41446e+12
100.895 1.09829e+06
3664.07 2.3641e+09
152.035 -1.30074e+07
2.48037 -37278.4
-65.9116 -7.86182e+06
-1.95309 -128932
25.3554 7.80696e+07
3.40579 -41234.7
-7.83155 478706
9.74484 588460
-31.8434 1.20998e+07
-802.94 2.30985e+08
149.085 9.07609e+06
155.257 2.96762e+07
145.834 7.83463e+06
137.576 -545721
90.8686 -1.54358e+06
34.0578 6.24858e+06
157.803 -2.28138e+06
24.4756 -3.24408e+06
4.00652 4.04505e+06
-167.737 -9.68146e+07
101.913 4.9482e+06
-2.17392 -112094
125.149 -2.30376e+06
63.0248 -449881
143.345 1.58993e+07
91.2835 -2.41529e+07
2591.82 -2.11222e+10
-856.47 -8.7527e+06
13.8361 -28367
-58.4188 9.95922e+06
-3898.33 1.2595e+08
-28.7762 1.03359e+06
-103.419 -4.41962e+06
-145.501 1.64583e+07
-144.175 1.24481e+07
-17.186 -1.48708e+06
-32.7816 2.95249e+06
918.587 -3.10002e+06
50.556 -6.14157e+06
-3.69104 -1.63508e+06
24.7886 -4.25889e+06
54.7076 4.10372e+07
-3.97279 -2.12245e+06
281.623 -5.60271e+08
-1.96706 -817716
-63.9091 1.92665e+06
4.9898 318703
1.79689 118567
1.86663 -1.68873e+06
-1114.75 6.01608e+07
141.779 2.73536e+07
-12.2649 135369
41.3348 232939
7.06671 832458
-37.1689 5477.7
146.942 9.21382e+06
-18.2292 2322.09
98.303 41107.8
-17.7968 -94681.2
-46.3812 766745
-71.4409 -1.63958e+06
26.8921 -41483.1
43.3885 1.65903e+06
826.399 3.75375e+06
-42.2061 -47689.2
41.8794 424160
-79.1355 1.64831e+06
43.8356 -477353
-35.1996 -4.32472e+06
-38.8269 -1.46887e+06
-65.3789 -2.2374e+06
3.7863 -222132
-35.8419 -41378.3
12.7233 -150726
-37.295 -12614.8
-6.61962 10891.2
118.257 -4.96626e+06
46.4397 -2.16471e+06
-61.4272 -1.8903e+06
-5.96219 -393748
14.8802 8.85905e+06
-71.36 1.83456e+06
19.0607 -157528
10.0425 3674.58
24.2121 2.53978e+06
-36.3881 -181143
1.40166 1.33656e+07
-37.9902 -3.15774e+06
42.7065 212343
-14.0914 17209.4
-9.77366 578807
-1083.12 1.17021e+09
1 0.1795
1.025 0.1795
1.05 0.1795
1.075 0.1795
1.1 0.1795
1.125 0.1795
1.15 0.1795
1.175 0.1795
1.2 0.1795
1.225 0.1795
1.25 0.1795
1.275 0.1795
1.3 0.1795
1.325 0.1795
1.35 0.1795
end.
