begin.
-0.677949 1.00061
-0.634778 1.00058
-0.600663 1.00345
-0.598025 1.00549
-0.596969 1.0023
-0.594386 1.00032
-0.592947 0.999818
-0.590559 0.999878
-0.589046 0.999879
-0.586726 0.999874
-0.585146 0.999869
-0.58289 0.99987
-0.581221 0.999882
-0.579083 0.999898
-0.577294 0.999923
-0.57535 0.999919
-0.57338 0.999917
-0.571593 0.999908
-0.56949 0.999895
-0.567781 0.999894
-0.565605 0.9999
-0.563961 0.999897
-0.561747 0.99989
-0.560112 0.999893
-0.557888 0.999899
-0.556273 0.999897
-0.554038 0.999893
-0.552427 0.99989
-0.55018 0.999898
-0.548576 0.99991
-0.546354 0.999907
-0.544738 0.999894
-0.54251 0.999888
-0.54087 0.999897
-0.538669 0.999914
-0.537026 0.999923
-0.534873 0.999916
-0.53317 0.999913
-0.531069 0.999919
-0.529305 0.999942
-0.527295 0.999953
-0.525491 0.999945
-0.523515 0.999935
-0.521662 0.999931
-0.519714 0.999936
-0.517834 0.99995
-0.515925 0.999965
-0.514044 0.999959
-0.512152 0.999957
-0.510225 0.999962
-0.508403 0.999948
-0.506403 0.999922
-0.504598 0.999926
-0.502547 0.999955
-0.500834 0.999965
-0.498745 0.999963
-0.497054 0.999964
-0.494971 0.999951
-0.493247 0.999953
-0.49117 0.999958
-0.489474 0.999945
-0.487359 0.999922
-0.485668 0.999901
-0.483498 0.999888
-0.481836 0.999878
-0.479605 0.999886
-0.478001 0.999887
-0.475733 0.999889
-0.474148 0.999889
-0.471892 0.999873
-0.47027 0.999862
-0.468017 0.999868
-0.466377 0.999889
-0.464177 0.999895
-0.462518 0.99989
-0.460334 0.999878
-0.458657 0.999878
-0.456442 0.999906
-0.454829 0.99993
-0.452617 0.999933
-0.451039 0.999902
-0.448776 0.999891
-0.447146 0.999925
-0.444997 0.999932
-0.443301 0.999923
-0.441202 0.999922
-0.439455 0.999931
-0.437404 0.999945
-0.435629 0.999965
-0.433632 0.999975
-0.431865 0.999953
-0.42984 0.99995
-0.428044 0.999967
-0.426092 0.99997
-0.424232 0.999975
-0.422341 0.999972
-0.420456 0.999951
-0.418543 0.999942
-0.416655 0.999938
-0.414737 0.999939
-0.412834 0.999953
-0.410951 0.999964
-0.409044 0.999975
-0.407177 0.999983
-0.405285 0.999981
-0.403403 0.999978
-0.401523 0.99997
-0.399622 0.999963
-0.397742 0.999959
-0.395834 0.999956
-0.393949 0.999958
-0.392047 0.999962
-0.390159 0.999967
-0.388267 0.999974
-0.386382 0.99998
-0.384499 0.999986
-0.382619 0.99999
-0.38074 0.999992
-0.378861 0.999992
-0.376982 0.99999
-0.375102 0.999987
-0.373221 0.999985
-0.371339 0.999983
-0.369455 0.999981
-0.367572 0.999981
-0.365687 0.999981
-0.363804 0.999982
-0.36192 0.999983
-0.360037 0.999985
-0.358156 0.999986
-0.356274 0.999988
-0.354394 0.99999
-0.352515 0.999992
-0.350636 0.999993
-0.348759 0.999995
-0.346881 0.999996
-0.345005 0.999997
-0.343128 0.999998
-0.341252 0.999998
-0.339377 0.999999
-0.337501 0.999999
-0.335626 0.999999
-0.333751 1
-0.331875 1
-0.33 1
-0.328125 1
-0.32625 1
-0.324375 1
-0.3225 1
-0.320625 1
-0.31875 1
-0.316875 1
-0.315 1
-0.313125 1
-0.31125 1
-0.309375 1
-0.3075 1
-0.305625 1
-0.30375 1
-0.301875 1
-0.3 1
-0.298125 1
-0.29625 1
-0.294375 1
-0.2925 1
-0.290625 1
-0.28875 1
-0.286875 1
-0.285 1
-0.283125 1
-0.28125 1
-0.279375 1
-0.2775 1
-0.275625 1
-0.27375 1
-0.271875 1
-0.27 1
-0.268125 1
-0.26625 1
-0.264375 1
-0.2625 1
-0.260625 1
-0.25875 0.999999
-0.256874 0.999999
-0.254998 0.999998
-0.253122 0.999997
-0.251245 0.999995
-0.249367 0.999993
-0.247488 0.999991
-0.245608 0.999988
-0.243727 0.999984
-0.241843 0.999981
-0.239958 0.999976
-0.238071 0.999971
-0.236181 0.999966
-0.234289 0.999961
-0.232393 0.999955
-0.230498 0.99995
-0.228592 0.999944
-0.226699 0.999939
-0.224777 0.999933
-0.222897 0.999928
-0.220941 0.999921
-0.219097 0.99991
-0.217078 0.999899
-0.215277 0.999852
-0.213182 0.999776
-0.21129 0.999655
-0.209105 0.999444
-0.206885 0.999284
-0.20455 0.999117
-0.202089 0.999016
-0.199614 0.998986
-0.197127 0.998945
-0.194587 0.998932
-0.192073 0.998939
-0.189556 0.998919
-0.187003 0.998916
-0.184478 0.998921
-0.18194 0.998899
-0.179374 0.998898
-0.17683 0.998896
-0.174266 0.998875
-0.17168 0.998873
-0.169112 0.998867
-0.166519 0.998847
-0.163911 0.998846
-0.161315 0.998836
-0.158692 0.998819
-0.156062 0.998819
-0.153438 0.998807
-0.150787 0.998794
-0.148135 0.998794
-0.145485 0.99878
-0.142808 0.998771
-0.140136 0.99877
-0.137458 0.998756
-0.13476 0.99875
-0.132068 0.998747
-0.129365 0.998734
-0.126646 0.998731
-0.123935 0.998726
-0.121208 0.998714
-0.118472 0.998713
-0.115741 0.998706
-0.112992 0.998697
-0.110241 0.998696
-0.10749 0.998688
-0.104722 0.998682
-0.101957 0.998681
-0.0991864 0.998671
-0.0964017 0.998668
-0.0936229 0.998665
-0.0908338 0.998657
-0.088036 0.998656
-0.0852439 0.998651
-0.082438 0.998645
-0.0796309 0.998646
-0.0768267 0.998641
-0.0740096 0.998638
-0.0711995 0.998642
-0.0683896 0.998639
-0.0655743 0.998643
-0.0627726 0.998647
-0.0599674 0.998645
-0.0571611 0.998649
-0.0543624 0.998648
-0.0515549 0.998625
-0.0486856 0.998414
-0.0453271 0.998096
-0.0416401 0.99816
-0.03853 0.998464
-0.0356049 0.998334
-0.0320304 0.998026
-0.0283207 0.998194
-0.0252744 0.998476
-0.0222611 0.998294
-0.0186298 0.998059
-0.0150577 0.998263
-0.0120239 0.998412
-0.0087797 0.998196
-0.00513086 0.998153
-0.00184382 0.998349
0.00127738 0.998291
0.00478935 0.998155
0.00823186 0.998269
0.0114108 0.998296
0.0148225 0.998187
0.0182851 0.998242
0.0215182 0.998288
0.0248797 0.998214
0.0283138 0.99824
0.0315813 0.998265
0.0349626 0.998213
0.03837 0.998243
0.0416511 0.998247
0.045064 0.998218
0.0484121 0.998251
0.0517299 0.998221
0.0551691 0.998229
0.0584536 0.998252
0.061833 0.998219
0.0652011 0.998247
0.068507 0.998221
0.0719533 0.998228
0.0752202 0.998254
0.0786162 0.998215
0.0819799 0.998235
0.0853169 0.998223
0.0887174 0.998235
0.0920263 0.998237
0.0954213 0.998235
0.0987306 0.998239
0.102123 0.998235
0.105459 0.998218
0.108871 0.998237
0.112184 0.99827
0.115545 0.99831
0.118826 0.99844
0.122555 1.00057
0.125847 0.181798
0.132046 0.183337
0.135383 0.1834
0.141864 0.183322
0.145195 0.183243
0.151666 0.183163
0.154996 0.183083
0.16142 0.183009
0.164743 0.182927
0.17116 0.182838
0.174497 0.18276
0.181032 0.182681
0.184367 0.1826
0.190773 0.182532
0.194088 0.182453
0.200521 0.182346
0.203886 0.182266
0.210553 0.182221
0.213856 0.182139
0.220202 0.182029
0.223551 0.181948
0.229711 0.181822
0.233173 0.181742
0.240028 0.181743
0.243326 0.181659
0.249796 0.181569
0.253119 0.181492
0.259117 0.181342
0.26258 0.181267
0.268565 0.181117
0.272314 0.181043
0.279566 0.181113
0.283065 0.18104
0.288844 0.180939
0.292207 0.180866
0.297808 0.18064
0.301754 0.180568
0.308722 0.180693
0.312014 0.180614
0.318336 0.180497
0.32171 0.180423
0.327858 0.1803
0.33133 0.180221
0.338619 0.180027
0.34571 0.180252
0.348949 0.180166
0.35578 0.179859
0.3609 0.179786
0.365436 0.179693
0.371082 0.179663
0.375039 0.179575
0.3825 0.1795
0.39 0.1795
0.3975 0.1795
0.405 0.1795
0.4125 0.1795
0.42 0.1795
0.4275 0.1795
0.435 0.1795
0.4425 0.1795
0.45 0.1795
0.4575 0.1795
0.465 0.1795
0.4725 0.1795
0.48 0.1795
0.4875 0.1795
0.495 0.1795
0.5025 0.1795
0.51 0.1795
0.5175 0.1795
0.525 0.1795
0.5325 0.1795
0.54 0.1795
0.5475 0.1795
0.555 0.1795
0.5625 0.1795
0.57 0.1795
0.5775 0.1795
0.585 0.1795
0.5925 0.1795
end.
