begin.
-0.09375 1
-0.0875 1
-0.08125 1
-0.075 1
-0.06875 1
-0.0625 1
-0.05625 1
-0.05 1
-0.04375 1
-0.0375 1
-0.03125 1
-0.025 1
-0.01875 1
-0.0125 1
-0.00625 1
6.05292e-16 1
0.00625 1
0.0125 1
0.01875 1
0.025 1
0.03125 1
0.0375 1
0.04375 1
0.05 1
0.05625 1
0.0625 1
0.06875 1
0.075 1
0.08125 1
0.0875 1
0.09375 1
0.1 1
0.10625 1
0.1125 1
0.11875 1
0.125 1
0.13125 1
0.1375 1
0.14375 1
0.15 1
0.15625 1
0.1625 1
0.16875 1.00001
0.175 1.00001
0.18125 1.00002
0.1875 1.00003
0.19375 1.00003
0.199999 1.00002
0.206249 0.999972
0.212499 0.999862
0.218749 0.99963
0.225 0.999187
0.231253 0.998402
0.237509 0.99709
0.24377 0.995007
0.250041 0.991858
0.256325 0.987305
0.262631 0.980999
0.268968 0.972608
0.275346 0.961868
0.281778 0.948635
0.288279 0.932921
0.294865 0.914893
0.301548 0.894825
0.308343 0.873031
0.315261 0.849799
0.322317 0.825293
0.329522 0.799459
0.336889 0.771982
0.344439 0.7424
0.352207 0.710444
0.360234 0.676369
0.368561 0.640942
0.377215 0.605088
0.386228 0.569788
0.395635 0.536331
0.405454 0.506755
0.41566 0.483909
0.426165 0.471312
0.436784 0.472186
0.44728 0.485276
0.457396 0.499337
0.467203 0.499404
0.477216 0.477177
0.487711 0.426753
0.499425 0.349838
0.514148 0.281823
0.529877 0.239313
0.549084 0.420056
0.559909 0.582259
0.57586 0.347529
0.592407 0.241907
0.611593 0.362943
0.618228 0.430103
0.708281 0.306324
0.560338 0.027978
0.635411 0.405215
0.646772 0.313681
0.669918 0.493452
0.679759 0.620547
0.682705 0.580143
0.723724 0.418907
0.734012 0.415568
0.750441 0.278793
0.771411 0.325832
0.785762 0.52837
0.793725 0.549082
0.805373 0.396015
0.825277 0.211948
0.849968 0.180643
0.874995 0.179372
0.9 0.179479
0.925 0.179499
0.95 0.1795
0.975 0.1795
1 0.1795
1.025 0.1795
1.05 0.1795
1.075 0.1795
1.1 0.1795
1.125 0.1795
1.15 0.1795
1.175 0.1795
1.2 0.1795
1.225 0.1795
1.25 0.1795
1.275 0.1795
1.3 0.1795
1.325 0.1795
1.35 0.1795
end.
