begin.
-0.09375 1
-0.0875 1
-0.08125 1
-0.075 1
-0.06875 1
-0.0625 1
-0.05625 1
-0.05 1
-0.04375 1
-0.0375 1
-0.03125 1
-0.025 1
-0.01875 1
-0.0125 1
-0.00625 1
-0.000296835 1.04722
0.00576227 1.00747
0.0120234 1.03
0.0177299 1.04349
0.0241535 0.985087
0.0307532 1.00602
0.0370063 0.965585
0.0429096 0.987574
0.0490258 1.00199
0.0557497 0.955509
0.0623397 0.995595
0.0686713 1.04804
0.0745299 1.02672
0.0803609 1.05629
0.0864683 1.00019
0.0927445 1.00237
0.0989108 0.999336
0.105331 0.925381
0.111954 0.919584
0.118624 0.915341
0.125565 0.84828
0.132644 0.853309
0.139709 0.797266
0.146944 0.809922
0.154211 0.824749
0.16142 0.774508
0.16888 0.787994
0.176148 0.798237
0.18359 0.740369
0.191438 0.74918
0.199069 0.760892
0.206753 0.705739
0.214766 0.710064
0.222739 0.709979
0.230986 0.64158
0.239548 0.633998
0.24834 0.627587
0.257414 0.561449
0.266678 0.558404
0.276434 0.498129
0.286192 0.499619
0.296202 0.498529
0.306756 0.441484
0.317402 0.447478
0.328078 0.450389
0.339376 0.397336
0.350887 0.409485
0.362069 0.417629
0.373956 0.369334
0.386182 0.412821
0.397183 0.514978
0.406694 0.602194
0.414371 0.72237
0.420869 0.769162
0.427324 0.665329
0.436075 0.546022
0.447531 0.402849
0.461023 0.27688
0.475954 0.26746
0.490581 0.271413
0.506205 0.280847
0.520918 0.473011
0.537199 0.314372
0.56023 0.118365
0.580667 0.214731
0.595406 0.386658
0.604263 0.417018
0.61181 0.455858
0.631709 0.677637
0.624925 0.584243
0.654703 0.419011
0.69804 0.136369
0.645218 0.315569
0.721318 0.267657
0.523125 0.351913
0.668581 0.221588
0.79218 0.0667695
0.811132 0.214042
0.632569 0.151302
-0.388631 -0.105476
0.765426 0.58942
2.1156 0.169465
0.675582 0.243064
0.856418 0.286984
0.799142 0.359197
0.72444 0.10474
0.862406 0.324461
0.820759 0.191219
0.875152 0.274008
0.904725 0.231657
0.92991 0.632567
0.911625 0.440658
1.04069 0.584104
0.931924 0.56442
0.963193 0.448806
0.939492 0.561862
0.958228 0.495051
0.966251 0.531526
1.10839 0.367794
1.0413 0.807424
1 0.1795
1.025 0.1795
1.05 0.1795
1.075 0.1795
1.1 0.1795
1.125 0.1795
1.15 0.1795
1.175 0.1795
1.2 0.1795
1.225 0.1795
1.25 0.1795
1.275 0.1795
1.3 0.1795
1.325 0.1795
1.35 0.1795
end.
