begin.
-0.736806 1.00064
-0.728684 1.00077
-0.725278 0.987101
-0.600938 0.997334
-0.598153 0.995864
-0.596863 1.00188
-0.594225 0.997924
-0.592776 0.999498
-0.590369 0.999854
-0.58885 0.999859
-0.586518 0.999854
-0.584934 0.999842
-0.582655 0.999844
-0.580978 0.99987
-0.578838 0.99989
-0.577047 0.999896
-0.575089 0.999874
-0.573078 0.999879
-0.571303 0.999871
-0.569147 0.999857
-0.567459 0.999862
-0.565226 0.999882
-0.563623 0.999882
-0.561353 0.999883
-0.559747 0.999907
-0.557538 0.999908
-0.555897 0.999895
-0.553695 0.999907
-0.552031 0.999935
-0.549917 0.999937
-0.548198 0.999926
-0.546116 0.999934
-0.544357 0.999951
-0.542346 0.99996
-0.540545 0.999953
-0.538582 0.999942
-0.53671 0.999936
-0.534796 0.99994
-0.532882 0.99994
-0.531009 0.999952
-0.529049 0.999964
-0.527265 0.999946
-0.525236 0.999913
-0.523436 0.999918
-0.521388 0.999933
-0.519649 0.999924
-0.517551 0.999913
-0.515809 0.99994
-0.513733 0.999958
-0.512053 0.999944
-0.509898 0.999939
-0.508251 0.999953
-0.506099 0.99995
-0.504477 0.999933
-0.502263 0.999927
-0.500667 0.999918
-0.498441 0.999906
-0.496816 0.999908
-0.494621 0.999892
-0.492971 0.999865
-0.490726 0.999871
-0.489102 0.999887
-0.48687 0.999889
-0.485255 0.999869
-0.483005 0.999854
-0.481342 0.999861
-0.479146 0.999884
-0.477439 0.999911
-0.475362 0.999931
-0.473547 0.999962
-0.471645 0.999969
-0.469721 0.999947
-0.467888 0.999939
-0.465867 0.999937
-0.464123 0.999929
-0.462009 0.999923
-0.460331 0.999917
-0.45816 0.999907
-0.456507 0.999905
-0.454305 0.999908
-0.452685 0.999907
-0.450452 0.999909
-0.448857 0.999907
-0.446616 0.999902
-0.445009 0.999903
-0.442779 0.999909
-0.441155 0.999926
-0.438968 0.999929
-0.437347 0.999906
-0.43513 0.999889
-0.433479 0.99991
-0.431291 0.999921
-0.429679 0.999902
-0.427415 0.999913
-0.42586 0.999932
-0.423604 0.999927
-0.422031 0.999923
-0.419783 0.999923
-0.418222 0.999909
-0.415944 0.999908
-0.414358 0.999928
-0.412161 0.999914
-0.410522 0.999885
-0.408301 0.999881
-0.406655 0.9999
-0.404451 0.999915
-0.402836 0.999917
-0.400606 0.99993
-0.399027 0.999943
-0.396803 0.999947
-0.395217 0.999951
-0.393022 0.999941
-0.391406 0.999934
-0.389211 0.999927
-0.387597 0.999917
-0.385371 0.999922
-0.383776 0.999934
-0.381559 0.999936
-0.379966 0.999926
-0.377748 0.999906
-0.376136 0.999872
-0.373886 0.999873
-0.372213 0.999915
-0.370112 0.999937
-0.368336 0.999971
-0.366377 0.999993
-0.364563 0.999984
-0.36262 0.999985
-0.360791 0.99998
-0.358868 0.999975
-0.356995 0.999978
-0.355117 0.999977
-0.353213 0.999969
-0.351343 0.999962
-0.349433 0.999949
-0.347542 0.99994
-0.345628 0.999938
-0.343734 0.999939
-0.341816 0.999947
-0.339933 0.999954
-0.338025 0.999957
-0.336136 0.999955
-0.334243 0.999944
-0.332327 0.99993
-0.330435 0.999916
-0.328497 0.999904
-0.326591 0.999898
-0.324656 0.999896
-0.322731 0.9999
-0.320822 0.999907
-0.318879 0.999917
-0.31701 0.999932
-0.315042 0.999941
-0.313241 0.999952
-0.311202 0.999945
-0.309507 0.999901
-0.307292 0.999863
-0.30566 0.999785
-0.303328 0.999735
-0.301576 0.999719
-0.299407 0.999576
-0.29729 0.999506
-0.295178 0.999339
-0.292795 0.999158
-0.290417 0.999122
-0.288043 0.999005
-0.285476 0.998957
-0.283007 0.998984
-0.28053 0.99891
-0.277915 0.998918
-0.275444 0.998954
-0.27292 0.998885
-0.27031 0.998927
-0.267852 0.998936
-0.265287 0.998879
-0.262697 0.99893
-0.260234 0.998916
-0.25763 0.998869
-0.255062 0.998928
-0.252574 0.998886
-0.24994 0.998867
-0.247392 0.998911
-0.244864 0.998861
-0.242215 0.99886
-0.239674 0.998891
-0.2371 0.998834
-0.234449 0.998854
-0.231901 0.998862
-0.229284 0.998815
-0.226635 0.998842
-0.224068 0.998834
-0.221414 0.998798
-0.21877 0.998829
-0.216176 0.998805
-0.213495 0.998786
-0.210852 0.99881
-0.208226 0.998781
-0.205527 0.998775
-0.202881 0.998792
-0.200222 0.998759
-0.197513 0.998766
-0.194858 0.99877
-0.192168 0.998743
-0.189455 0.998755
-0.186785 0.99875
-0.184068 0.998729
-0.181352 0.998744
-0.178663 0.99873
-0.175925 0.998719
-0.173206 0.99873
-0.170494 0.998713
-0.167742 0.998709
-0.165019 0.998716
-0.162283 0.998697
-0.159522 0.998701
-0.156789 0.998701
-0.154031 0.998685
-0.151265 0.998692
-0.148519 0.998686
-0.145743 0.998675
-0.142973 0.998683
-0.140211 0.998671
-0.13742 0.998667
-0.134646 0.998672
-0.131866 0.998659
-0.129067 0.99866
-0.126286 0.99866
-0.123488 0.998649
-0.120684 0.998654
-0.117894 0.998649
-0.115082 0.998642
-0.112276 0.998647
-0.109474 0.99864
-0.106654 0.998639
-0.103848 0.998643
-0.101037 0.998636
-0.0982187 0.998642
-0.0954184 0.998645
-0.0926088 0.998643
-0.0898023 0.99865
-0.0870079 0.998648
-0.0841976 0.998644
-0.0813941 0.998648
-0.0785912 0.998642
-0.0757757 0.998643
-0.0729738 0.998646
-0.0701675 0.998638
-0.0673324 0.998481
-0.0641202 0.998168
-0.0604785 0.998133
-0.0572538 0.998352
-0.0541771 0.998226
-0.0505005 0.998033
-0.0469737 0.998311
-0.0440734 0.998478
-0.0408856 0.998167
-0.0370805 0.998058
-0.0337049 0.998388
-0.0308054 0.998448
-0.0274696 0.99814
-0.0237357 0.998148
-0.0205093 0.998413
-0.0174744 0.998329
-0.0139237 0.998115
-0.0103662 0.998271
-0.00727862 0.998395
-0.00400008 0.998214
-0.000396503 0.998195
0.00286981 0.998354
0.00605119 0.998279
0.00957722 0.998182
0.0129728 0.998298
0.0161676 0.998302
0.0195999 0.998206
0.0230309 0.998268
0.0262726 0.998294
0.0296623 0.998222
0.0330887 0.998259
0.0363562 0.998288
0.0397221 0.998234
0.0431332 0.998252
0.0464316 0.998266
0.0498171 0.998233
0.0531972 0.998262
0.0564922 0.998256
0.0599056 0.998225
0.0632679 0.99826
0.0665811 0.99825
0.0699787 0.998246
0.0732904 0.998254
0.0766741 0.998225
0.0800577 0.998249
0.0833644 0.998239
0.086789 0.998239
0.0900792 0.998269
0.0934263 0.998229
0.0968293 0.998242
0.100133 0.99823
0.103575 0.998227
0.10687 0.998256
0.110246 0.998214
0.11365 0.998237
0.116954 0.998245
0.120346 0.998237
0.123665 0.998245
0.127031 0.998253
0.13033 0.998243
0.133729 0.998224
0.13707 0.998226
0.140461 0.998215
0.143844 0.998235
0.147165 0.99826
0.150478 0.998287
0.153744 0.998239
0.157228 0.998153
0.160679 0.998231
0.163971 0.99827
0.167366 0.998295
0.170667 0.998562
0.174392 1.00147
0.177729 0.182914
0.183796 0.184823
0.187144 0.184947
0.193572 0.18485
0.196971 0.184771
0.203288 0.184661
0.20677 0.184583
0.21327 0.184554
0.216611 0.184471
0.222755 0.184332
0.226258 0.184255
0.232714 0.184182
0.236195 0.184101
0.242652 0.184048
0.24605 0.183967
0.252276 0.183863
0.25574 0.183782
0.262103 0.183714
0.265529 0.183632
0.271901 0.183531
0.27538 0.183449
0.281466 0.183333
0.285058 0.18325
0.291513 0.183225
0.294918 0.183143
0.301325 0.183061
0.304733 0.18298
0.311074 0.182872
0.314572 0.182795
0.320656 0.182678
0.324289 0.182599
0.330696 0.182579
0.334131 0.182501
0.340506 0.182417
0.343963 0.182341
0.349834 0.182189
0.353574 0.182115
0.360498 0.182196
0.363798 0.182117
0.369729 0.181939
0.373253 0.181861
0.378767 0.18165
0.38299 0.181578
0.390097 0.181745
0.393445 0.181668
0.399307 0.181512
0.402756 0.181439
0.408604 0.181257
0.41248 0.181194
0.417474 0.181026
0.422236 0.180941
0.429 0.181093
0.432391 0.181019
0.438551 0.180889
0.442085 0.180814
0.447984 0.18067
0.451774 0.180593
0.458647 0.180671
0.461989 0.180598
0.467957 0.18044
0.471464 0.180361
0.4775 0.18023
0.481217 0.180154
0.488618 0.180026
0.496103 0.18006
0.50073 0.179971
0.505767 0.179851
0.512686 0.180062
0.51591 0.179976
0.522887 0.179798
0.526867 0.179707
0.5325 0.1795
0.54 0.1795
0.5475 0.1795
0.555 0.1795
0.5625 0.1795
0.57 0.1795
0.5775 0.1795
0.585 0.1795
0.5925 0.1795
end.
