begin.
-0.09375 1
-0.0875 1
-0.08125 1
-0.075 1
-0.06875 1
-0.0625 1
-0.05625 1
-0.05 1
-0.04375 1
-0.0375 1
-0.03125 1
-0.025 1
-0.01875 1
-0.0125 1
-0.00625 1
4.40197e-19 1
0.00625 1
0.0125 1
0.01875 1
0.025 1
0.03125 1
0.0375 1
0.04375 1
0.05 1
0.05625 1
0.0625 1
0.06875 1
0.075 1
0.08125 1
0.0875 1
0.09375 1
0.1 1
0.10625 1
0.1125 1
0.11875 1
0.125 1
0.13125 1
0.1375 1
0.14375 1
0.15 1
0.15625 1
0.1625 1
0.16875 1
0.175 1
0.18125 1
0.1875 1
0.19375 1
0.2 1
0.20625 1
0.2125 1
0.21875 1
0.225 1
0.23125 1
0.2375 1
0.24375 1
0.25 1
0.25625 1
0.2625 1
0.26875 1
0.275 1
0.28125 1
0.2875 1
0.29375 1
0.3 1
0.30625 1
0.3125 1.00001
0.31875 1.00002
0.325 1.00003
0.33125 1.00006
0.3375 1.00011
0.343749 1.00014
0.349998 1.00014
0.356247 1.00001
0.362496 0.99962
0.368746 0.998683
0.375 0.996671
0.381257 0.992805
0.387528 0.986197
0.393833 0.976009
0.400195 0.961363
0.406626 0.941025
0.413144 0.913395
0.419811 0.877248
0.426722 0.832729
0.433954 0.781509
0.441529 0.724328
0.449474 0.658938
0.458058 0.58471
0.467587 0.50821
0.478269 0.460722
0.489965 0.519113
0.501457 0.617491
0.514358 0.382963
0.539188 0.172519
0.56486 0.434405
0.503882 0.0469548
0.567395 0.400708
0.59657 0.249051
0.611725 0.478732
0.622005 0.537421
0.630981 0.444726
0.650294 0.221566
0.674967 0.180701
0.699997 0.179369
0.725 0.179489
0.75 0.1795
0.775 0.1795
0.8 0.1795
0.825 0.1795
0.85 0.1795
0.875 0.1795
0.9 0.1795
0.925 0.1795
0.95 0.1795
0.975 0.1795
1 0.1795
1.025 0.1795
1.05 0.1795
1.075 0.1795
1.1 0.1795
1.125 0.1795
1.15 0.1795
1.175 0.1795
1.2 0.1795
1.225 0.1795
1.25 0.1795
1.275 0.1795
1.3 0.1795
1.325 0.1795
1.35 0.1795
end.
