begin.
-0.09375 1
-0.0875 1
-0.08125 1
-0.075 1
-0.06875 1
-0.0625 1
-0.05625 1
-0.05 1
-0.04375 1
-0.0375 1
-0.03125 1
-0.025 1
-0.01875 1
-0.0125 1
-0.00625 1
2.34822e-18 1
0.00625 1
0.0125 1
0.01875 1
0.025 1
0.03125 1
0.0375 1
0.04375 1
0.05 1
0.05625 1
0.0625 1
0.06875 1
0.075 1
0.08125 1
0.0875 1
0.09375 1
0.1 1
0.10625 1
0.1125 1
0.11875 1
0.125 1
0.13125 1
0.1375 1
0.14375 1
0.15 1
0.15625 1
0.1625 1
0.16875 1
0.175 1
0.18125 1
0.1875 1.00001
0.19375 1.00001
0.2 1.00002
0.20625 1.00002
0.2125 1.00003
0.21875 1.00004
0.224999 1.00002
0.231249 0.999972
0.237499 0.99984
0.243749 0.999557
0.25 0.999012
0.256254 0.998039
0.262511 0.996408
0.268774 0.99382
0.27505 0.989916
0.281343 0.984304
0.287663 0.976584
0.294021 0.966396
0.300429 0.953481
0.306904 0.937748
0.313464 0.919301
0.320124 0.898393
0.326901 0.875315
0.333808 0.850297
0.340864 0.823446
0.348084 0.794746
0.355491 0.764024
0.363109 0.730959
0.370974 0.695319
0.379138 0.657352
0.387653 0.618007
0.396556 0.578877
0.405883 0.541875
0.415655 0.509162
0.425846 0.483608
0.436385 0.469595
0.447064 0.472448
0.457548 0.490997
0.467544 0.507324
0.477025 0.500703
0.48724 0.466474
0.498044 0.403292
0.510223 0.315726
0.530099 0.35942
0.557211 0.282619
0.56994 0.434994
0.57761 0.415309
0.593116 0.25971
0.61739 0.480178
0.695214 0.476376
0.532567 0.00113094
0.616116 0.508986
0.637364 0.432944
0.649826 0.53807
0.655214 0.445031
0.687753 0.365533
0.709605 0.383622
0.725064 0.287914
0.74547 0.37333
0.757583 0.534822
0.766448 0.532728
0.778796 0.358997
0.800108 0.19968
0.824973 0.179945
0.849997 0.179394
0.875 0.179488
0.9 0.1795
0.925 0.1795
0.95 0.1795
0.975 0.1795
1 0.1795
1.025 0.1795
1.05 0.1795
1.075 0.1795
1.1 0.1795
1.125 0.1795
1.15 0.1795
1.175 0.1795
1.2 0.1795
1.225 0.1795
1.25 0.1795
1.275 0.1795
1.3 0.1795
1.325 0.1795
1.35 0.1795
end.
