begin.
-0.843553 1.00073
-0.786779 1.00068
-1.0546 0.987094
-0.661379 0.990529
-0.601317 0.967393
-0.597893 0.998764
-0.596559 0.974573
-0.59427 0.996701
-0.592592 0.999862
-0.590461 0.999873
-0.58864 0.999894
-0.586685 0.999897
-0.584725 0.999884
-0.582895 0.999853
-0.580773 0.999847
-0.579038 0.999855
-0.576846 0.999871
-0.575196 0.999862
-0.572948 0.999851
-0.5713 0.999862
-0.569061 0.99989
-0.567441 0.999896
-0.565234 0.999883
-0.563547 0.999897
-0.56141 0.999915
-0.559696 0.999917
-0.557601 0.99993
-0.555848 0.999945
-0.553844 0.999939
-0.551995 0.999941
-0.55006 0.999948
-0.548192 0.999942
-0.546249 0.999955
-0.544383 0.99997
-0.542491 0.999957
-0.540596 0.99993
-0.538665 0.999928
-0.536761 0.999958
-0.534878 0.99998
-0.533008 0.999962
-0.531092 0.999927
-0.529175 0.999924
-0.527268 0.999954
-0.525377 0.999978
-0.5235 0.999981
-0.521592 0.99997
-0.519755 0.999943
-0.517765 0.999929
-0.515949 0.999923
-0.513933 0.999917
-0.512123 0.999936
-0.510094 0.99997
-0.508359 0.999989
-0.506318 0.999969
-0.504617 0.999937
-0.502463 0.999939
-0.500833 0.999949
-0.498653 0.999936
-0.497033 0.999913
-0.494825 0.999886
-0.493176 0.999869
-0.490946 0.999871
-0.489294 0.999883
-0.487099 0.999872
-0.485426 0.999852
-0.483193 0.999867
-0.48155 0.999875
-0.479344 0.99985
-0.477645 0.999828
-0.475438 0.999831
-0.473727 0.999829
-0.47153 0.999866
-0.469784 0.999922
-0.467792 0.999924
-0.465877 0.999914
-0.464034 0.999906
-0.461977 0.99989
-0.460238 0.999868
-0.458044 0.999874
-0.456401 0.999884
-0.454168 0.999879
-0.452542 0.999881
-0.450294 0.999888
-0.448688 0.999904
-0.446435 0.999917
-0.444889 0.999887
-0.442573 0.999861
-0.440981 0.999877
-0.438727 0.999878
-0.437112 0.999861
-0.434838 0.999875
-0.433221 0.999894
-0.431029 0.999886
-0.429318 0.999882
-0.427209 0.99989
-0.425407 0.999904
-0.423433 0.999912
-0.421502 0.999913
-0.419679 0.999893
-0.417574 0.999877
-0.415876 0.999859
-0.413623 0.99986
-0.412035 0.999844
-0.409703 0.999831
-0.408109 0.999836
-0.405823 0.999837
-0.404147 0.999837
-0.401993 0.999788
-0.400125 0.999728
-0.398029 0.999599
-0.395903 0.999511
-0.393771 0.999401
-0.391532 0.999215
-0.389103 0.999163
-0.386831 0.999108
-0.384342 0.999032
-0.381914 0.999028
-0.379463 0.998938
-0.376876 0.998911
-0.374356 0.998934
-0.371841 0.998851
-0.369155 0.998921
-0.366763 0.998918
-0.364097 0.998874
-0.361588 0.998951
-0.359094 0.998842
-0.356374 0.998844
-0.353862 0.998897
-0.351279 0.998816
-0.348589 0.998905
-0.346163 0.9989
-0.343503 0.998827
-0.340889 0.998916
-0.338424 0.998849
-0.335682 0.998883
-0.333248 0.998926
-0.330618 0.998801
-0.327939 0.998892
-0.325467 0.998877
-0.322787 0.99879
-0.320147 0.998847
-0.317578 0.998831
-0.314909 0.998797
-0.312259 0.998875
-0.309755 0.99883
-0.30702 0.998758
-0.304365 0.998855
-0.301831 0.998802
-0.299073 0.998799
-0.296522 0.998817
-0.293821 0.998723
-0.291067 0.998777
-0.288468 0.998798
-0.285769 0.99874
-0.28305 0.998796
-0.280457 0.998753
-0.277669 0.998726
-0.274997 0.998795
-0.272358 0.998755
-0.269611 0.998765
-0.266982 0.998793
-0.264304 0.998715
-0.26152 0.998741
-0.258873 0.998745
-0.256119 0.998698
-0.253361 0.998756
-0.250724 0.998738
-0.247942 0.998708
-0.245234 0.998765
-0.242567 0.998716
-0.239772 0.998731
-0.237112 0.998765
-0.234409 0.998712
-0.231634 0.998736
-0.228975 0.998724
-0.226187 0.998668
-0.223407 0.998714
-0.220703 0.998681
-0.217871 0.998674
-0.215134 0.998719
-0.212407 0.998677
-0.209587 0.998688
-0.206873 0.998698
-0.204082 0.998642
-0.201253 0.998672
-0.198512 0.998657
-0.195667 0.998633
-0.192862 0.998673
-0.190104 0.99865
-0.187256 0.998648
-0.184487 0.998676
-0.181702 0.998636
-0.178857 0.998649
-0.176087 0.998649
-0.173253 0.998616
-0.170408 0.99864
-0.167621 0.99863
-0.164762 0.998615
-0.161939 0.998645
-0.159141 0.998625
-0.156285 0.998629
-0.153487 0.998647
-0.150674 0.998624
-0.147829 0.998636
-0.145037 0.998637
-0.142199 0.998617
-0.139363 0.998634
-0.136559 0.998623
-0.133705 0.998618
-0.130884 0.998637
-0.128073 0.998624
-0.125228 0.998632
-0.12243 0.998645
-0.119615 0.99863
-0.116787 0.998643
-0.113994 0.998642
-0.111169 0.998631
-0.108351 0.998645
-0.105554 0.998639
-0.102727 0.998638
-0.0999256 0.99865
-0.0971256 0.998639
-0.0943034 0.998644
-0.0915095 0.99865
-0.0887024 0.998617
-0.0858148 0.998401
-0.0824414 0.998091
-0.0787626 0.99814
-0.0755884 0.998337
-0.0724134 0.998196
-0.068792 0.998132
-0.065519 0.998348
-0.0624653 0.998253
-0.0588243 0.998043
-0.0552617 0.998301
-0.052352 0.998492
-0.0491965 0.998191
-0.0453953 0.998062
-0.0420047 0.998393
-0.0391075 0.99845
-0.0357436 0.998134
-0.0319919 0.998173
-0.0288173 0.998459
-0.0258096 0.998344
-0.0222226 0.998117
-0.0186673 0.998297
-0.0156103 0.998419
-0.0123214 0.998217
-0.00868599 0.998198
-0.00541557 0.998382
-0.00227406 0.998316
0.00124662 0.998184
0.00469672 0.99831
0.00784888 0.998357
0.0112242 0.998223
0.0147348 0.99826
0.0179671 0.998345
0.0212748 0.998251
0.0247788 0.998242
0.0280695 0.99833
0.0313459 0.998272
0.0348201 0.998237
0.0381562 0.99831
0.0414334 0.998282
0.0448637 0.998249
0.0482071 0.998292
0.0515194 0.998263
0.0549567 0.998248
0.0582851 0.998301
0.0615811 0.998273
0.0649963 0.998254
0.0683262 0.998282
0.0716668 0.998247
0.0750963 0.998247
0.0784217 0.998274
0.0817802 0.998252
0.0851612 0.998267
0.0884738 0.998261
0.0918752 0.99825
0.0952026 0.998287
0.0985079 0.998262
0.101911 0.998252
0.105227 0.998259
0.108619 0.998234
0.111994 0.998253
0.115327 0.998244
0.118731 0.998268
0.121987 0.998286
0.125357 0.99823
0.128761 0.998227
0.132131 0.998196
0.135628 0.998212
0.138931 0.998279
0.142246 0.998273
0.145576 0.998249
0.148956 0.998222
0.152345 0.998276
0.155573 0.998294
0.158933 0.99822
0.162359 0.998187
0.165797 0.998232
0.169088 0.998255
0.172471 0.998235
0.175815 0.99826
0.17913 0.998235
0.18254 0.998249
0.185818 0.998243
0.189261 0.998192
0.192663 0.998211
0.196042 0.998218
0.199439 0.998238
0.202742 0.998268
0.206076 0.998229
0.20949 0.998253
0.212762 0.998257
0.216157 0.998244
0.219494 0.998247
0.222922 0.99821
0.226466 0.998904
0.229378 1.00239
0.234363 0.184127
0.238013 0.186403
0.244043 0.186601
0.247673 0.186523
0.253841 0.186443
0.257494 0.186362
0.264008 0.186303
0.267514 0.186221
0.27363 0.186118
0.277247 0.186032
0.283128 0.185954
0.286717 0.185877
0.293321 0.185793
0.296927 0.185706
0.302716 0.185582
0.306573 0.1855
0.312333 0.185474
0.315841 0.185393
0.322076 0.185315
0.325572 0.185237
0.332467 0.185061
0.336559 0.18497
0.341801 0.184902
0.345767 0.184819
0.351568 0.18478
0.355248 0.184699
0.361183 0.184658
0.3646 0.184583
0.371328 0.184417
0.375346 0.184339
0.380806 0.184351
0.384277 0.184273
0.390756 0.184175
0.394349 0.184099
0.400921 0.183985
0.404735 0.183905
0.4103 0.183863
0.413905 0.183785
0.420274 0.183695
0.423935 0.183616
0.430003 0.18355
0.433564 0.183472
0.439543 0.183409
0.442888 0.183331
0.44967 0.183178
0.453616 0.183097
0.459483 0.183052
0.463206 0.182971
0.469248 0.182918
0.472796 0.18284
0.478785 0.18278
0.482145 0.182704
0.488927 0.182561
0.492802 0.182484
0.498585 0.182467
0.502073 0.182395
0.508035 0.182297
0.51141 0.182227
0.518377 0.182099
0.522394 0.182028
0.527391 0.182496
0.529546 0.182566
0.533124 0.182431
0.535746 0.182388
0.539577 0.181746
0.543931 0.181736
0.547282 0.181594
0.552054 0.18172
0.554957 0.181737
0.559306 0.181748
0.562089 0.181816
0.566495 0.181637
0.569916 0.181523
0.575055 0.182189
0.581979 0.181399
0.576851 0.18192
0.585182 0.181465
0.588485 0.181275
0.592131 0.181897
0.594695 0.181128
end.
