begin.
-0.666432 1.00061
-0.613561 1.00058
-0.599902 1.0035
-0.597714 1.0046
-0.596085 1.00211
-0.593968 1.00029
-0.592179 0.999907
-0.590188 0.999931
-0.588316 0.99994
-0.586423 0.999948
-0.584481 0.999946
-0.582658 0.999943
-0.58064 0.99994
-0.578888 0.999933
-0.576793 0.999927
-0.575098 0.99992
-0.572944 0.999913
-0.571287 0.999908
-0.569086 0.999912
-0.567467 0.999913
-0.565251 0.999907
-0.563626 0.999906
-0.561413 0.999908
-0.559795 0.999902
-0.557568 0.999901
-0.555944 0.999912
-0.553735 0.99992
-0.552129 0.999907
-0.549898 0.999895
-0.54827 0.999902
-0.546064 0.999905
-0.544421 0.99991
-0.542228 0.999918
-0.5406 0.999909
-0.538402 0.999898
-0.536735 0.999906
-0.534581 0.999922
-0.532882 0.99994
-0.530803 0.999953
-0.529062 0.999947
-0.527045 0.999933
-0.525201 0.999939
-0.523277 0.999945
-0.521374 0.999948
-0.519487 0.999961
-0.517579 0.999971
-0.515711 0.999973
-0.513809 0.999971
-0.511924 0.999967
-0.51005 0.999942
-0.50811 0.999942
-0.506216 0.999961
-0.504372 0.999947
-0.502376 0.999917
-0.500591 0.999891
-0.49848 0.999882
-0.49677 0.999877
-0.494572 0.999888
-0.492939 0.999892
-0.490712 0.999883
-0.489078 0.999879
-0.486857 0.999871
-0.485198 0.99988
-0.482986 0.999897
-0.481362 0.999904
-0.479131 0.999905
-0.477544 0.999896
-0.475266 0.999898
-0.473699 0.999916
-0.47143 0.99993
-0.469893 0.999917
-0.467608 0.999906
-0.466035 0.999908
-0.463803 0.9999
-0.462148 0.99992
-0.459999 0.999927
-0.458345 0.999898
-0.456135 0.999905
-0.454494 0.999938
-0.452342 0.999949
-0.450682 0.999942
-0.448558 0.999942
-0.446857 0.999937
-0.444783 0.999938
-0.442991 0.999966
-0.441049 0.99997
-0.439196 0.999949
-0.437255 0.999945
-0.4354 0.999934
-0.433443 0.999937
-0.431575 0.999956
-0.429665 0.999969
-0.427784 0.999981
-0.4259 0.999987
-0.424029 0.999981
-0.422127 0.999975
-0.420264 0.999966
-0.418344 0.999959
-0.416475 0.999957
-0.414557 0.999956
-0.412678 0.99996
-0.410774 0.999966
-0.40889 0.999973
-0.407001 0.99998
-0.405119 0.999986
-0.403239 0.999991
-0.40136 0.999993
-0.399482 0.999993
-0.397604 0.999991
-0.395724 0.999988
-0.393843 0.999985
-0.391961 0.999982
-0.390077 0.999981
-0.388193 0.99998
-0.386309 0.999981
-0.384425 0.999982
-0.382542 0.999983
-0.380659 0.999985
-0.378777 0.999987
-0.376897 0.999989
-0.375017 0.999991
-0.373138 0.999992
-0.37126 0.999994
-0.369382 0.999995
-0.367505 0.999996
-0.365629 0.999997
-0.363753 0.999998
-0.361877 0.999999
-0.360001 0.999999
-0.358126 0.999999
-0.356251 1
-0.354375 1
-0.3525 1
-0.350625 1
-0.34875 1
-0.346875 1
-0.345 1
-0.343125 1
-0.34125 1
-0.339375 1
-0.3375 1
-0.335625 1
-0.33375 1
-0.331875 1
-0.33 1
-0.328125 1
-0.32625 1
-0.324375 1
-0.3225 1
-0.320625 1
-0.31875 1
-0.316875 1
-0.315 1
-0.313125 1
-0.31125 1
-0.309375 1
-0.3075 1
-0.305625 1
-0.30375 1
-0.301875 1
-0.3 1
-0.298125 1
-0.29625 1
-0.294375 1
-0.2925 1
-0.290625 1
-0.28875 1
-0.286875 1
-0.285 1
-0.283125 1
-0.28125 1
-0.279375 1
-0.2775 1
-0.275625 1
-0.27375 1
-0.271875 1
-0.27 1
-0.268125 1
-0.26625 1
-0.264375 1
-0.2625 1
-0.260625 1
-0.25875 1
-0.256875 1
-0.255 1
-0.253125 1
-0.25125 1
-0.249375 1
-0.2475 1
-0.245625 1
-0.24375 1
-0.241875 1
-0.24 1
-0.238125 1
-0.23625 0.999999
-0.234374 0.999998
-0.232498 0.999997
-0.230622 0.999996
-0.228744 0.999994
-0.226866 0.999992
-0.224987 0.999989
-0.223106 0.999986
-0.221223 0.999982
-0.219338 0.999977
-0.217451 0.999972
-0.215562 0.999967
-0.213669 0.99996
-0.211775 0.999955
-0.209874 0.999948
-0.207978 0.999942
-0.206064 0.999935
-0.204174 0.999928
-0.202234 0.999921
-0.200365 0.99991
-0.198381 0.999899
-0.196536 0.999858
-0.194493 0.999782
-0.192562 0.999652
-0.1904 0.999445
-0.188168 0.999271
-0.18582 0.999111
-0.183364 0.999014
-0.180884 0.998979
-0.178389 0.998944
-0.175855 0.99893
-0.173334 0.998932
-0.17081 0.998915
-0.168258 0.99891
-0.165722 0.99891
-0.163175 0.998892
-0.160604 0.998886
-0.158045 0.998882
-0.155469 0.998863
-0.152874 0.998857
-0.150287 0.99885
-0.147679 0.998832
-0.145058 0.998828
-0.142442 0.998818
-0.139803 0.998803
-0.137156 0.998799
-0.134511 0.998788
-0.131844 0.998776
-0.129173 0.998773
-0.126501 0.998761
-0.123807 0.998752
-0.121114 0.998749
-0.118415 0.998737
-0.115697 0.99873
-0.112984 0.998726
-0.110259 0.998714
-0.107521 0.998711
-0.104787 0.998705
-0.102039 0.998695
-0.0992822 0.998693
-0.0965287 0.998686
-0.0937584 0.998677
-0.0909864 0.998676
-0.0882131 0.998668
-0.0854238 0.998663
-0.0826379 0.998661
-0.0798454 0.998652
-0.0770411 0.99865
-0.0742428 0.998647
-0.0714336 0.998641
-0.0686203 0.998642
-0.0658135 0.998639
-0.0629963 0.998638
-0.0601859 0.998644
-0.0573817 0.998644
-0.0545713 0.998646
-0.0517719 0.998649
-0.0489675 0.998648
-0.0461584 0.998552
-0.0431012 0.998235
-0.039447 0.998046
-0.0359697 0.998323
-0.0330808 0.99849
-0.0299378 0.998184
-0.0261649 0.998036
-0.0227224 0.998339
-0.0197988 0.998444
-0.0165252 0.998155
-0.0128004 0.998117
-0.009514 0.998365
-0.00645767 0.998315
-0.00294434 0.998127
0.000565482 0.998258
0.00369162 0.998341
0.00702775 0.998193
0.0105575 0.998209
0.0138064 0.9983
0.017105 0.998218
0.0205989 0.998204
0.0238982 0.998277
0.0271993 0.998229
0.0306454 0.998225
0.0339341 0.998264
0.0372812 0.998216
0.0407048 0.998234
0.0439859 0.998243
0.047398 0.998213
0.0507488 0.998251
0.0540541 0.998221
0.0574994 0.998224
0.0607852 0.99824
0.0641874 0.998218
0.067528 0.998253
0.0708432 0.998219
0.0742799 0.998225
0.0775611 0.998247
0.080966 0.998227
0.0842817 0.998233
0.0876769 0.998226
0.0910208 0.998238
0.0943904 0.998227
0.097742 0.998249
0.10109 0.998255
0.104451 0.998295
0.107755 0.998469
0.111339 1.00022
0.115042 0.181451
0.120631 0.182853
0.124628 0.182902
0.130426 0.182827
0.134404 0.182749
0.14017 0.182659
0.144212 0.18258
0.150011 0.182504
0.154032 0.182422
0.159806 0.182339
0.163832 0.182259
0.169509 0.182173
0.173585 0.182095
0.179541 0.182052
0.183389 0.18197
0.189165 0.181857
0.19321 0.181776
0.198675 0.18167
0.202933 0.181594
0.209025 0.181583
0.212822 0.1815
0.218896 0.181427
0.222658 0.181344
0.227963 0.181166
0.232419 0.181093
0.237495 0.181001
0.242211 0.180921
0.248875 0.181059
0.252266 0.180981
0.257754 0.180745
0.261895 0.180714
0.266509 0.180587
0.271694 0.180479
0.277667 0.1805
0.281526 0.180422
0.287444 0.180333
0.291395 0.180262
0.296588 0.180119
0.301132 0.18004
0.308623 0.180024
0.314339 0.180012
0.318313 0.179928
0.325606 0.180057
0.329072 0.179971
0.335317 0.179872
0.338882 0.17978
0.345 0.1795
0.3525 0.1795
0.36 0.1795
0.3675 0.1795
0.375 0.1795
0.3825 0.1795
0.39 0.1795
0.3975 0.1795
0.405 0.1795
0.4125 0.1795
0.42 0.1795
0.4275 0.1795
0.435 0.1795
0.4425 0.1795
0.45 0.1795
0.4575 0.1795
0.465 0.1795
0.4725 0.1795
0.48 0.1795
0.4875 0.1795
0.495 0.1795
0.5025 0.1795
0.51 0.1795
0.5175 0.1795
0.525 0.1795
0.5325 0.1795
0.54 0.1795
0.5475 0.1795
0.555 0.1795
0.5625 0.1795
0.57 0.1795
0.5775 0.1795
0.585 0.1795
0.5925 0.1795
end.
