begin.
-0.09375 1
-0.0875 1
-0.08125 1
-0.075 1
-0.06875 1
-0.0625 1
-0.05625 1
-0.05 1
-0.04375 1
-0.0375 1
-0.03125 1
-0.025 1
-0.01875 1
-0.0125 1
-0.00625 1
0.00033673 1.01321
0.00634324 0.979877
0.0124229 1.00808
0.0187554 1.03403
0.0250819 0.995265
0.0313501 1.02781
0.0373407 0.988896
0.0433298 1.00894
0.0494644 1.02163
0.0559279 0.968449
0.0623717 0.992835
0.0685834 1.02263
0.074775 0.983476
0.0811043 1.00997
0.0873308 0.967191
0.0937272 0.993786
0.0999879 1.02344
0.106135 0.984878
0.112469 1.01512
0.118576 1.04452
0.124713 1.0022
0.130921 1.02598
0.137068 0.979102
0.143328 0.998645
0.149585 1.017
0.155775 0.964063
0.162166 0.975843
0.168526 0.984777
0.174934 0.922263
0.181543 0.92593
0.188262 0.930674
0.195064 0.869522
0.201853 0.874759
0.208832 0.878194
0.216005 0.815259
0.223107 0.818228
0.230449 0.81912
0.237892 0.753284
0.24545 0.750451
0.253329 0.681857
0.261338 0.676799
0.269457 0.670089
0.278087 0.601074
0.2868 0.597481
0.29565 0.59334
0.304975 0.528663
0.314508 0.527819
0.324139 0.525036
0.33418 0.459717
0.344768 0.457149
0.355481 0.459399
0.366392 0.403289
0.37791 0.407223
0.389469 0.41727
0.401066 0.370402
0.413203 0.390808
0.425012 0.458712
0.435621 0.530986
0.443896 0.656103
0.451033 0.717531
0.457986 0.630201
0.466232 0.528667
0.478373 0.370755
0.492939 0.236721
0.509468 0.193595
0.529318 0.15299
0.552796 0.31359
0.565744 0.452559
0.57978 0.319709
0.596172 0.2892
0.61814 0.48253
0.607079 0.401463
0.635922 0.23925
0.653195 0.233164
0.55973 0.389743
0.675018 0.146371
0.663745 0.218519
0.800564 0.22306
0.622583 0.103856
-0.244353 -0.105476
0.710036 0.349334
1.82516 0.169465
0.697748 0.200958
0.804143 0.35737
0.744129 0.461305
0.736892 0.278413
0.756329 0.181316
0.828526 0.311294
0.859779 0.450775
0.832111 0.308699
0.861989 0.42051
0.88398 0.728072
0.889609 0.566437
0.886973 0.674685
0.937529 0.0895999
0.911541 0.167506
0.95885 0.439878
0.967545 0.734309
0.974159 0.663353
0.97966 0.660219
1 0.1795
1.025 0.1795
1.05 0.1795
1.075 0.1795
1.1 0.1795
1.125 0.1795
1.15 0.1795
1.175 0.1795
1.2 0.1795
1.225 0.1795
1.25 0.1795
1.275 0.1795
1.3 0.1795
1.325 0.1795
1.35 0.1795
end.
