begin.
-0.09375 1
-0.0875 1
-0.08125 1
-0.075 1
-0.06875 1
-0.0625 1
-0.05625 1
-0.05 1
-0.04375 1
-0.0375 1
-0.03125 1
-0.025 1
-0.01875 1
-0.0125 1
-0.00625 1
3.31512e-18 1
0.00625 1
0.0125 1
0.01875 1
0.025 1
0.03125 1
0.0375 1
0.04375 1
0.05 1
0.05625 1
0.0625 1
0.06875 1
0.075 1
0.08125 1
0.0875 1
0.09375 1
0.1 1
0.10625 1
0.1125 1
0.11875 1
0.125 1
0.13125 1
0.1375 1
0.14375 1
0.15 1
0.15625 1
0.1625 1
0.16875 1
0.175 1
0.18125 1
0.1875 1
0.19375 1
0.2 1
0.20625 1
0.2125 1
0.21875 1
0.225 1
0.23125 1
0.2375 1.00001
0.24375 1.00002
0.25 1.00003
0.25625 1.00004
0.2625 1.00005
0.268749 1.00006
0.274999 1.00003
0.281248 0.999924
0.287498 0.999658
0.293749 0.999098
0.300001 0.998036
0.306258 0.996167
0.312522 0.993081
0.318799 0.988291
0.325098 0.981272
0.331432 0.971505
0.337814 0.95851
0.34426 0.941915
0.350794 0.921587
0.357443 0.897711
0.36423 0.870648
0.371173 0.840541
0.378291 0.807128
0.38562 0.770042
0.393217 0.729383
0.401137 0.68588
0.40942 0.640238
0.418117 0.59309
0.427327 0.546341
0.437123 0.504413
0.447497 0.474949
0.45824 0.468555
0.468924 0.492289
0.478984 0.545042
0.487836 0.59132
0.498299 0.566012
0.51849 0.219656
0.543486 0.190497
0.561224 0.382632
0.572163 0.475261
0.60092 0.420449
0.655976 0.493842
0.500876 0.0206076
0.578014 0.500178
0.605849 0.461362
0.621885 0.268898
0.652929 0.431433
0.673959 0.296356
0.693937 0.418519
0.704195 0.547175
0.71337 0.516965
0.727291 0.31376
0.75 0.190301
0.774982 0.179506
0.799999 0.179428
0.825 0.179495
0.85 0.1795
0.875 0.1795
0.9 0.1795
0.925 0.1795
0.95 0.1795
0.975 0.1795
1 0.1795
1.025 0.1795
1.05 0.1795
1.075 0.1795
1.1 0.1795
1.125 0.1795
1.15 0.1795
1.175 0.1795
1.2 0.1795
1.225 0.1795
1.25 0.1795
1.275 0.1795
1.3 0.1795
1.325 0.1795
1.35 0.1795
end.
