begin.
-0.643397 1.00061
-0.602245 1.00259
-0.598944 1.00466
-0.597233 1.00369
-0.595137 1.00142
-0.593471 1.00012
-0.591318 0.999937
-0.589672 0.999935
-0.587495 0.999938
-0.585874 0.999933
-0.58368 0.999927
-0.58205 0.999933
-0.579868 0.999936
-0.578245 0.999929
-0.576044 0.999928
-0.574433 0.999927
-0.57222 0.999933
-0.570612 0.999945
-0.568425 0.999939
-0.566811 0.99992
-0.564595 0.999914
-0.562981 0.999925
-0.560762 0.999944
-0.559182 0.999952
-0.55697 0.999945
-0.55538 0.999946
-0.553161 0.99995
-0.551598 0.999937
-0.549344 0.999927
-0.547783 0.999911
-0.54553 0.999888
-0.543902 0.999879
-0.541696 0.999885
-0.539996 0.999903
-0.537906 0.999915
-0.536105 0.999927
-0.534148 0.99993
-0.532232 0.999927
-0.530383 0.999924
-0.528357 0.999925
-0.52661 0.999921
-0.524493 0.999919
-0.522813 0.999916
-0.520644 0.99991
-0.518992 0.99991
-0.516797 0.999913
-0.515172 0.999914
-0.512951 0.999925
-0.511357 0.999927
-0.509142 0.999916
-0.507512 0.999918
-0.505329 0.999912
-0.503682 0.999905
-0.501473 0.999915
-0.499867 0.999922
-0.497637 0.999922
-0.496056 0.999919
-0.493798 0.999918
-0.492245 0.999913
-0.489952 0.999926
-0.488415 0.999941
-0.486175 0.999923
-0.484574 0.999897
-0.482355 0.999878
-0.480685 0.999888
-0.478505 0.999913
-0.476837 0.999941
-0.474705 0.999944
-0.473057 0.999912
-0.470855 0.99991
-0.469218 0.999925
-0.467054 0.99994
-0.465362 0.999972
-0.463323 0.99998
-0.461568 0.999966
-0.459561 0.99996
-0.45777 0.99995
-0.455779 0.999947
-0.45395 0.999952
-0.452003 0.999959
-0.450142 0.999968
-0.448235 0.999979
-0.446362 0.999986
-0.444477 0.999993
-0.442602 0.999995
-0.440724 0.999995
-0.438848 0.999992
-0.436969 0.999989
-0.435088 0.999985
-0.433205 0.999982
-0.431321 0.99998
-0.429437 0.99998
-0.427552 0.99998
-0.425668 0.999982
-0.423785 0.999984
-0.421902 0.999986
-0.420021 0.999988
-0.418141 0.99999
-0.416262 0.999992
-0.414384 0.999994
-0.412506 0.999995
-0.410629 0.999997
-0.408753 0.999998
-0.406877 0.999998
-0.405001 0.999999
-0.403126 0.999999
-0.401251 0.999999
-0.399375 1
-0.3975 1
-0.395625 1
-0.39375 1
-0.391875 1
-0.39 1
-0.388125 1
-0.38625 1
-0.384375 1
-0.3825 1
-0.380625 1
-0.37875 1
-0.376875 1
-0.375 1
-0.373125 1
-0.37125 1
-0.369375 1
-0.3675 1
-0.365625 1
-0.36375 1
-0.361875 1
-0.36 1
-0.358125 1
-0.35625 1
-0.354375 1
-0.3525 1
-0.350625 1
-0.34875 1
-0.346875 1
-0.345 1
-0.343125 1
-0.34125 1
-0.339375 1
-0.3375 1
-0.335625 1
-0.33375 1
-0.331875 1
-0.33 1
-0.328125 1
-0.32625 1
-0.324375 1
-0.3225 1
-0.320625 1
-0.31875 1
-0.316875 1
-0.315 1
-0.313125 1
-0.31125 1
-0.309375 1
-0.3075 1
-0.305625 1
-0.30375 1
-0.301875 1
-0.3 1
-0.298125 1
-0.29625 1
-0.294375 1
-0.2925 1
-0.290625 1
-0.28875 1
-0.286875 1
-0.285 1
-0.283125 1
-0.28125 1
-0.279375 1
-0.2775 1
-0.275625 1
-0.27375 1
-0.271875 1
-0.27 1
-0.268125 1
-0.26625 1
-0.264375 1
-0.2625 1
-0.260625 1
-0.25875 1
-0.256875 1
-0.255 1
-0.253125 1
-0.25125 1
-0.249375 1
-0.2475 1
-0.245625 1
-0.24375 1
-0.241875 1
-0.24 1
-0.238125 1
-0.23625 1
-0.234375 1
-0.2325 1
-0.230625 1
-0.22875 1
-0.226875 1
-0.225 1
-0.223125 1
-0.22125 1
-0.219375 1
-0.2175 1
-0.215625 1
-0.21375 1
-0.211875 1
-0.21 1
-0.208125 1
-0.20625 1
-0.204375 1
-0.2025 1
-0.200625 1
-0.19875 1
-0.196875 1
-0.195 1
-0.193125 1
-0.19125 0.999999
-0.189374 0.999998
-0.187498 0.999997
-0.185621 0.999995
-0.183743 0.999992
-0.181863 0.999989
-0.179982 0.999985
-0.178099 0.99998
-0.176212 0.999974
-0.174324 0.999967
-0.172431 0.99996
-0.170537 0.999952
-0.168633 0.999944
-0.166736 0.999935
-0.164816 0.999926
-0.162923 0.999914
-0.160975 0.999901
-0.159087 0.999862
-0.157095 0.999782
-0.155119 0.999642
-0.152977 0.999438
-0.150726 0.999252
-0.148364 0.9991
-0.145909 0.999007
-0.143419 0.998966
-0.140912 0.998937
-0.138377 0.998921
-0.135841 0.998915
-0.1333 0.9989
-0.130737 0.998889
-0.128175 0.998883
-0.125602 0.998865
-0.123008 0.998854
-0.120413 0.998845
-0.117804 0.998828
-0.115175 0.998818
-0.112547 0.998808
-0.109901 0.998792
-0.107239 0.998784
-0.104578 0.998774
-0.101897 0.998759
-0.0992055 0.998754
-0.0965128 0.998742
-0.0937999 0.998731
-0.0910821 0.998726
-0.08836 0.998714
-0.0856186 0.998706
-0.082877 0.998701
-0.0801267 0.99869
-0.0773606 0.998684
-0.0745972 0.998679
-0.0718206 0.998668
-0.0690339 0.998665
-0.0662501 0.998659
-0.0634502 0.99865
-0.0606478 0.99865
-0.057846 0.998643
-0.0550297 0.99864
-0.0522201 0.998642
-0.0494094 0.998639
-0.0465935 0.998644
-0.0437928 0.998647
-0.0409858 0.998649
-0.0381811 0.998562
-0.0351416 0.998241
-0.0314755 0.998023
-0.0279295 0.99829
-0.02502 0.998516
-0.0219741 0.998247
-0.0182724 0.998031
-0.0147336 0.998281
-0.0117505 0.998427
-0.00851537 0.998185
-0.00484851 0.998129
-0.00154113 0.998327
0.00158629 0.99828
0.00509236 0.998145
0.00853703 0.998259
0.0117111 0.998292
0.0151097 0.998186
0.0185563 0.99824
0.0217844 0.998267
0.0251855 0.998194
0.0286001 0.998237
0.0318691 0.998235
0.0353077 0.99821
0.0386323 0.998252
0.0419501 0.998219
0.0453784 0.998235
0.0486433 0.998237
0.0520744 0.998207
0.0554045 0.998247
0.05875 0.99822
0.0621407 0.998235
0.0654419 0.99823
0.0688745 0.998228
0.0721798 0.998235
0.0755712 0.998247
0.078887 0.99826
0.082264 0.998246
0.085687 0.998589
0.0886755 0.999826
0.0938027 0.181069
0.097298 0.182375
0.103621 0.182405
0.107072 0.182328
0.113442 0.182248
0.116915 0.182166
0.123192 0.182085
0.126667 0.182006
0.132961 0.18193
0.136385 0.18185
0.142826 0.181765
0.146331 0.181685
0.152649 0.181587
0.156261 0.181507
0.162264 0.181454
0.165655 0.181376
0.172051 0.181295
0.175422 0.181217
0.18218 0.181074
0.186034 0.180992
0.191806 0.180963
0.195328 0.180886
0.201235 0.180799
0.204587 0.180721
0.211487 0.18066
0.214968 0.18058
0.221354 0.180464
0.225072 0.180394
0.23083 0.180368
0.234142 0.180294
0.241117 0.18002
0.247858 0.1802
0.251126 0.180115
0.258269 0.179896
0.26278 0.17981
0.267912 0.179787
0.271963 0.179697
0.277499 0.179499
0.285 0.1795
0.2925 0.1795
0.3 0.1795
0.3075 0.1795
0.315 0.1795
0.3225 0.1795
0.33 0.1795
0.3375 0.1795
0.345 0.1795
0.3525 0.1795
0.36 0.1795
0.3675 0.1795
0.375 0.1795
0.3825 0.1795
0.39 0.1795
0.3975 0.1795
0.405 0.1795
0.4125 0.1795
0.42 0.1795
0.4275 0.1795
0.435 0.1795
0.4425 0.1795
0.45 0.1795
0.4575 0.1795
0.465 0.1795
0.4725 0.1795
0.48 0.1795
0.4875 0.1795
0.495 0.1795
0.5025 0.1795
0.51 0.1795
0.5175 0.1795
0.525 0.1795
0.5325 0.1795
0.54 0.1795
0.5475 0.1795
0.555 0.1795
0.5625 0.1795
0.57 0.1795
0.5775 0.1795
0.585 0.1795
0.5925 0.1795
end.
