begin.
-0.09375 1
-0.0875 1
-0.08125 1
-0.075 1
-0.06875 1
-0.0625 1
-0.05625 1
-0.05 1
-0.04375 1
-0.0375 1
-0.03125 1
-0.025 1
-0.01875 1
-0.0125 1
-0.00625 1
2.90884e-18 1
0.00625 1
0.0125 1
0.01875 1
0.025 1
0.03125 1
0.0375 1
0.04375 1
0.05 1
0.05625 1
0.0625 1
0.06875 1
0.075 1
0.08125 1
0.0875 1
0.09375 1
0.1 1
0.10625 1
0.1125 1
0.11875 1
0.125 1
0.13125 1
0.1375 1
0.14375 1
0.15 1
0.15625 1
0.1625 1
0.16875 1
0.175 1
0.18125 1
0.1875 1
0.19375 1
0.2 1
0.20625 1
0.2125 1
0.21875 1
0.225 1
0.23125 1
0.2375 1
0.24375 1
0.25 1
0.25625 1
0.2625 1
0.26875 1
0.275 1
0.28125 1
0.2875 1
0.29375 1
0.3 1
0.30625 1.00001
0.3125 1.00002
0.31875 1.00004
0.325 1.00007
0.331249 1.00011
0.337499 1.00014
0.343748 1.00011
0.349997 0.999914
0.356246 0.999359
0.362496 0.998155
0.368751 0.995853
0.375017 0.991744
0.381295 0.984826
0.387601 0.974001
0.393961 0.958436
0.400412 0.937679
0.406979 0.91122
0.413676 0.877876
0.420548 0.836146
0.427698 0.785763
0.435253 0.728502
0.443267 0.666606
0.451755 0.601596
0.46098 0.535618
0.471104 0.478744
0.482098 0.477501
0.493626 0.562637
0.506059 0.540813
0.521738 0.251699
0.547138 0.193755
0.575329 0.414819
0.501904 0.0412331
0.567474 0.379992
0.595314 0.218895
0.616903 0.376848
0.629094 0.554305
0.635806 0.533443
0.651496 0.289754
0.674964 0.186159
0.69999 0.179357
0.725 0.17946
0.75 0.179499
0.775 0.1795
0.8 0.1795
0.825 0.1795
0.85 0.1795
0.875 0.1795
0.9 0.1795
0.925 0.1795
0.95 0.1795
0.975 0.1795
1 0.1795
1.025 0.1795
1.05 0.1795
1.075 0.1795
1.1 0.1795
1.125 0.1795
1.15 0.1795
1.175 0.1795
1.2 0.1795
1.225 0.1795
1.25 0.1795
1.275 0.1795
1.3 0.1795
1.325 0.1795
1.35 0.1795
end.
