begin.
-0.09375 1
-0.0875 1
-0.08125 1
-0.075 1
-0.06875 1
-0.0625 1
-0.05625 1
-0.05 1
-0.04375 1
-0.0375 1
-0.03125 1
-0.025 1
-0.01875 1
-0.0125 1
-0.00625 1
1.39154e-17 1
0.00625 1
0.0125 1
0.01875 1
0.025 1
0.03125 1
0.0375 1
0.04375 1
0.05 1
0.05625 1
0.0625 1
0.06875 1
0.075 1
0.08125 1
0.0875 1
0.09375 1
0.1 1
0.10625 1
0.1125 1
0.11875 1
0.125 1
0.13125 1
0.1375 1
0.14375 1
0.15 1
0.15625 1
0.1625 1
0.16875 1
0.175 1
0.18125 1
0.1875 1
0.19375 1
0.2 1
0.20625 1
0.2125 1
0.21875 1
0.225 1
0.23125 1
0.2375 1
0.24375 1
0.25 1
0.25625 1
0.2625 1
0.26875 1.00001
0.275 1.00002
0.28125 1.00003
0.2875 1.00005
0.29375 1.00007
0.299999 1.00008
0.306249 1.00005
0.312498 0.999915
0.318748 0.999564
0.324998 0.9988
0.331251 0.99731
0.337509 0.99466
0.343779 0.990316
0.350069 0.983659
0.35639 0.973981
0.362755 0.960531
0.369187 0.942714
0.375716 0.920324
0.382376 0.893552
0.389191 0.86253
0.396179 0.826866
0.40338 0.785933
0.41087 0.739731
0.418737 0.689419
0.427028 0.636457
0.435793 0.582246
0.445175 0.529473
0.455263 0.485796
0.466002 0.467451
0.476895 0.511228
0.486873 0.601161
0.497172 0.644026
0.5126 0.299498
0.536637 0.159308
0.558884 0.351298
0.573473 0.543596
0.621714 0.457318
0.497508 0.0461061
0.571507 0.626872
0.5922 0.2343
0.624062 0.425904
0.647196 0.287814
0.662921 0.471831
0.673073 0.540173
0.682209 0.45421
0.700542 0.233699
0.724961 0.181763
0.749994 0.179347
0.775 0.179476
0.8 0.179499
0.825 0.1795
0.85 0.1795
0.875 0.1795
0.9 0.1795
0.925 0.1795
0.95 0.1795
0.975 0.1795
1 0.1795
1.025 0.1795
1.05 0.1795
1.075 0.1795
1.1 0.1795
1.125 0.1795
1.15 0.1795
1.175 0.1795
1.2 0.1795
1.225 0.1795
1.25 0.1795
1.275 0.1795
1.3 0.1795
1.325 0.1795
1.35 0.1795
end.
