begin.
-0.09375 1
-0.0875 1
-0.08125 1
-0.075 1
-0.06875 1
-0.0625 1
-0.05625 1
-0.05 1
-0.04375 1
-0.0375 1
-0.03125 1
-0.025 1
-0.01875 1
-0.0125 1
-0.00625 1
2.18705e-05 1.02188
0.00635995 0.990359
0.0126107 1.02478
0.0181743 1.04382
0.0243464 0.978544
0.0308564 0.979933
0.0375721 0.926377
0.0439602 0.954823
0.0502733 0.989349
0.0567694 0.960453
0.0630851 1.00082
0.0693032 1.03991
0.0754377 1.00786
0.0815101 1.03865
0.0876829 0.996689
0.0938486 1.02065
0.0998981 1.04129
0.106132 0.992132
0.112412 1.01332
0.1186 1.03639
0.124826 0.992754
0.131104 1.01925
0.137244 0.977714
0.143508 1.00408
0.149695 1.0298
0.155799 0.983914
0.16212 1.00441
0.168299 1.0236
0.174489 0.97142
0.180964 0.987109
0.187278 1.00258
0.19356 0.945453
0.2001 0.952184
0.206628 0.956013
0.213259 0.888729
0.220062 0.886295
0.227014 0.882804
0.234106 0.812886
0.241279 0.809311
0.248808 0.741902
0.256335 0.742616
0.263973 0.742828
0.27191 0.677182
0.279874 0.674085
0.288115 0.668729
0.296717 0.600444
0.305355 0.593769
0.314305 0.583712
0.323832 0.514532
0.333534 0.510837
0.343379 0.505907
0.353822 0.442139
0.364639 0.443476
0.37545 0.4454
0.386727 0.387466
0.398596 0.393186
0.410314 0.404611
0.422269 0.363956
0.434524 0.424021
0.445557 0.566655
0.453859 0.636709
0.46053 0.690454
0.467664 0.654164
0.47654 0.476662
0.488973 0.31847
0.504995 0.227471
0.523313 0.128456
0.548033 0.168513
0.57137 0.633861
0.574135 0.585337
0.610058 0.411485
0.586932 0.333537
0.612761 0.32397
0.632979 0.459338
0.562505 0.375446
0.676514 0.320859
0.638898 0.300709
0.794947 0.049447
0.628257 0.152405
-0.19626 -0.105476
0.698793 0.220201
1.72834 0.169465
0.676762 0.373874
0.764497 0.56372
0.709409 0.307033
0.750014 0.278716
0.76114 0.467376
0.817774 0.372793
0.833541 0.613218
0.825241 0.484794
0.848844 0.589486
0.856895 0.65092
0.860551 0.447959
0.879504 0.167151
0.933196 0.598024
0.906132 0.155553
0.936527 0.756369
0.937636 0.906283
0.951097 0.38739
0.974119 0.23713
1 0.1795
1.025 0.1795
1.05 0.1795
1.075 0.1795
1.1 0.1795
1.125 0.1795
1.15 0.1795
1.175 0.1795
1.2 0.1795
1.225 0.1795
1.25 0.1795
1.275 0.1795
1.3 0.1795
1.325 0.1795
1.35 0.1795
end.
