begin.
-0.09375 1
-0.0875 1
-0.08125 1
-0.075 1
-0.06875 1
-0.0625 1
-0.05625 1
-0.05 1
-0.04375 1
-0.0375 1
-0.03125 1
-0.025 1
-0.01875 1
-0.0125 1
-0.00625 1
2.3419e-20 1
0.00625 1
0.0125 1
0.01875 1
0.025 1
0.03125 1
0.0375 1
0.04375 1
0.05 1
0.05625 1
0.0625 1
0.06875 1
0.075 1
0.08125 1
0.0875 1
0.09375 1
0.1 1
0.10625 1
0.1125 1
0.11875 1
0.125 1
0.13125 1
0.1375 1
0.14375 1
0.15 1
0.15625 1
0.1625 1
0.16875 1
0.175 1
0.18125 1
0.1875 1
0.19375 1
0.2 1
0.20625 1
0.2125 1
0.21875 1
0.225 1
0.23125 1
0.2375 1
0.24375 1
0.25 1
0.25625 1
0.2625 1
0.26875 1
0.275 1
0.28125 1
0.2875 1
0.29375 1
0.3 1
0.30625 1
0.3125 1.00001
0.31875 1.00001
0.325 1.00003
0.33125 1.00005
0.3375 1.00009
0.343749 1.00013
0.349999 1.00015
0.356247 1.0001
0.362496 0.999865
0.368746 0.999216
0.374997 0.997695
0.381251 0.994621
0.387515 0.989199
0.393807 0.980607
0.400146 0.967852
0.40654 0.949516
0.413011 0.923926
0.41962 0.89
0.426461 0.847951
0.433592 0.799134
0.441027 0.743649
0.448807 0.678541
0.457199 0.602503
0.46653 0.522241
0.477023 0.464112
0.488656 0.504024
0.499955 0.60104
0.512298 0.427302
0.536474 0.174416
0.561325 0.391949
0.504665 0.0417631
0.567457 0.347955
0.596656 0.285044
0.609747 0.51073
0.619635 0.536905
0.629662 0.410849
0.65013 0.207948
0.674974 0.180026
0.699998 0.179395
0.725 0.179493
0.75 0.1795
0.775 0.1795
0.8 0.1795
0.825 0.1795
0.85 0.1795
0.875 0.1795
0.9 0.1795
0.925 0.1795
0.95 0.1795
0.975 0.1795
1 0.1795
1.025 0.1795
1.05 0.1795
1.075 0.1795
1.1 0.1795
1.125 0.1795
1.15 0.1795
1.175 0.1795
1.2 0.1795
1.225 0.1795
1.25 0.1795
1.275 0.1795
1.3 0.1795
1.325 0.1795
1.35 0.1795
end.
