begin.
-0.829411 1.00073
-0.779087 1.00068
-1.01055 0.987094
-0.634843 0.990529
-0.60066 0.979648
-0.597717 1.00275
-0.596018 0.98224
-0.593995 0.99682
-0.592084 0.99992
-0.590197 0.999879
-0.588151 0.999887
-0.58639 0.999891
-0.584254 0.999897
-0.582575 0.999896
-0.58038 0.999896
-0.578734 0.999906
-0.57653 0.99992
-0.574918 0.999915
-0.572701 0.999895
-0.571062 0.999892
-0.568836 0.999919
-0.56724 0.999924
-0.565029 0.999904
-0.563372 0.999906
-0.561206 0.999911
-0.559533 0.999901
-0.557362 0.99992
-0.555677 0.999949
-0.553609 0.999944
-0.551839 0.999926
-0.549818 0.999929
-0.547985 0.999953
-0.546047 0.999972
-0.544188 0.999964
-0.542289 0.999948
-0.540372 0.999944
-0.538494 0.999951
-0.536554 0.999963
-0.534714 0.999988
-0.532785 0.999988
-0.530987 0.999935
-0.528952 0.999896
-0.527129 0.999918
-0.525126 0.999951
-0.523329 0.999961
-0.521335 0.999968
-0.519541 0.999988
-0.517566 0.999996
-0.515812 0.999962
-0.513767 0.999932
-0.511997 0.99994
-0.509948 0.999949
-0.508218 0.999924
-0.506122 0.999883
-0.50437 0.999864
-0.50222 0.999869
-0.50051 0.999876
-0.498334 0.999876
-0.496669 0.999861
-0.494433 0.999856
-0.492793 0.999855
-0.490538 0.999854
-0.488905 0.999843
-0.486654 0.999831
-0.484975 0.999835
-0.482755 0.999876
-0.481048 0.999923
-0.479012 0.999927
-0.477142 0.99993
-0.475275 0.999926
-0.473255 0.999908
-0.4715 0.999888
-0.469339 0.999891
-0.467689 0.999897
-0.465459 0.999904
-0.463857 0.999918
-0.46163 0.999913
-0.460034 0.999903
-0.457774 0.999907
-0.456205 0.999901
-0.453936 0.999894
-0.452334 0.999904
-0.450122 0.999894
-0.448463 0.999889
-0.44626 0.999913
-0.444637 0.999921
-0.442441 0.99991
-0.440787 0.999897
-0.438613 0.999889
-0.436913 0.999888
-0.434772 0.999899
-0.433032 0.999904
-0.430975 0.999903
-0.429135 0.999912
-0.427196 0.999909
-0.425245 0.999906
-0.423395 0.999907
-0.421373 0.999912
-0.419578 0.99992
-0.417535 0.999913
-0.415754 0.999913
-0.413686 0.999914
-0.411948 0.9999
-0.40982 0.999897
-0.408103 0.999913
-0.405983 0.999905
-0.40429 0.999862
-0.402085 0.999833
-0.400395 0.999819
-0.398146 0.999819
-0.396464 0.999812
-0.394231 0.999787
-0.392495 0.999744
-0.390267 0.99971
-0.38838 0.999727
-0.386332 0.999651
-0.384218 0.99957
-0.382168 0.999431
-0.379843 0.999313
-0.377629 0.999261
-0.375312 0.999097
-0.372797 0.999089
-0.370505 0.999033
-0.367916 0.998938
-0.36543 0.998989
-0.362972 0.998897
-0.36032 0.998899
-0.357845 0.998963
-0.355351 0.998879
-0.352687 0.998932
-0.350279 0.998929
-0.347653 0.998831
-0.345016 0.998918
-0.342583 0.998851
-0.339823 0.998874
-0.337395 0.998937
-0.334785 0.998799
-0.332082 0.998921
-0.329684 0.998924
-0.327017 0.998846
-0.324466 0.998897
-0.321907 0.998867
-0.319302 0.998826
-0.316644 0.998903
-0.314202 0.998865
-0.311475 0.998773
-0.308847 0.998859
-0.306296 0.998801
-0.303551 0.998823
-0.301026 0.998866
-0.298394 0.998777
-0.295683 0.998811
-0.293111 0.99883
-0.290448 0.998778
-0.287767 0.998848
-0.285235 0.99882
-0.282521 0.99877
-0.279873 0.998812
-0.27725 0.998757
-0.274495 0.998752
-0.271848 0.998807
-0.26921 0.998751
-0.266458 0.998779
-0.263855 0.998798
-0.261167 0.998741
-0.258435 0.998789
-0.255839 0.998785
-0.253112 0.998744
-0.250427 0.998798
-0.247805 0.998743
-0.245026 0.998725
-0.242345 0.998756
-0.239644 0.998697
-0.236838 0.99872
-0.234173 0.998744
-0.231428 0.998695
-0.228663 0.998743
-0.226005 0.998721
-0.223215 0.998685
-0.220468 0.998721
-0.217756 0.998676
-0.21492 0.998669
-0.212184 0.998705
-0.209425 0.998658
-0.2066 0.998687
-0.203885 0.998697
-0.201097 0.998661
-0.198302 0.998692
-0.195576 0.998674
-0.19275 0.998647
-0.189965 0.998678
-0.1872 0.998643
-0.184351 0.998645
-0.181576 0.998666
-0.178781 0.998636
-0.175944 0.998655
-0.173181 0.998663
-0.170368 0.998639
-0.167555 0.998664
-0.164789 0.998651
-0.161958 0.998639
-0.159159 0.998657
-0.156369 0.998634
-0.153525 0.998634
-0.150728 0.998645
-0.147909 0.998621
-0.145066 0.998635
-0.142269 0.998635
-0.139432 0.998621
-0.136602 0.998638
-0.133801 0.99863
-0.130959 0.998627
-0.128149 0.998644
-0.125344 0.998633
-0.122513 0.998642
-0.119722 0.998651
-0.116915 0.99864
-0.1141 0.99865
-0.111313 0.998648
-0.108494 0.998638
-0.105684 0.998649
-0.102888 0.99864
-0.100065 0.998641
-0.0972654 0.99865
-0.0944639 0.99864
-0.0916451 0.998645
-0.0888514 0.99865
-0.0860434 0.998616
-0.0831533 0.998396
-0.0797703 0.998091
-0.0761056 0.998149
-0.0729412 0.998328
-0.0697307 0.998176
-0.0660951 0.998139
-0.062859 0.99837
-0.0598231 0.998259
-0.0561686 0.998035
-0.0525888 0.998296
-0.0496787 0.998502
-0.0465464 0.998206
-0.0427572 0.99806
-0.0393417 0.99838
-0.0364337 0.998451
-0.0330858 0.998143
-0.0293401 0.998169
-0.0261468 0.998448
-0.0231318 0.998345
-0.0195615 0.998124
-0.0160101 0.998292
-0.0129376 0.99841
-0.00964491 0.998217
-0.00602106 0.9982
-0.00274971 0.998376
0.000404476 0.998308
0.00392479 0.998186
0.00736067 0.99831
0.0105214 0.998346
0.0139135 0.99822
0.0174037 0.998268
0.0206305 0.998336
0.0239635 0.998243
0.0274538 0.998249
0.0307323 0.998324
0.0340335 0.998261
0.037499 0.998243
0.0408193 0.998304
0.0441224 0.99827
0.047549 0.998255
0.0508684 0.998292
0.0542009 0.99825
0.0576396 0.99825
0.0609525 0.998295
0.0642731 0.998262
0.0676801 0.998261
0.0709878 0.998279
0.0743533 0.998239
0.0777655 0.998251
0.0810873 0.998261
0.0844772 0.998248
0.0878245 0.998271
0.0911545 0.998247
0.0945688 0.998252
0.0978659 0.998281
0.101213 0.998253
0.104581 0.998263
0.107895 0.998247
0.111314 0.998238
0.114637 0.99825
0.11803 0.998226
0.12141 0.998276
0.124661 0.998274
0.128064 0.998243
0.131386 0.998239
0.134806 0.998184
0.138277 0.998207
0.141614 0.998254
0.144954 0.998279
0.14823 0.99825
0.151662 0.998215
0.15501 0.998271
0.158286 0.998293
0.161588 0.998235
0.16503 0.998184
0.168454 0.998232
0.171758 0.998234
0.17518 0.998244
0.178457 0.998257
0.181852 0.998229
0.185191 0.99826
0.188503 0.99824
0.191921 0.998202
0.195312 0.998211
0.198709 0.9982
0.202131 0.998251
0.205395 0.998258
0.208794 0.99824
0.212135 0.998272
0.215473 0.998324
0.218801 0.998711
0.222275 1.00227
0.226085 0.1839
0.231787 0.18613
0.235758 0.186312
0.241339 0.18619
0.245609 0.186108
0.25102 0.186011
0.255406 0.18593
0.260759 0.185873
0.264961 0.185793
0.270953 0.18572
0.275079 0.185635
0.280577 0.185537
0.284831 0.185454
0.290106 0.18541
0.294086 0.185333
0.300179 0.185291
0.303912 0.18521
0.309729 0.184986
0.314713 0.184906
0.319418 0.184846
0.324039 0.184755
0.329144 0.184702
0.333483 0.184621
0.339162 0.184626
0.342878 0.184543
0.348798 0.184326
0.35364 0.184249
0.358565 0.184282
0.362473 0.184206
0.368394 0.184084
0.372597 0.184003
0.378268 0.18387
0.382949 0.183792
0.3879 0.183765
0.392126 0.18369
0.397798 0.183599
0.402133 0.183521
0.407789 0.183483
0.411811 0.183402
0.417272 0.183378
0.42097 0.183303
0.427327 0.183112
0.431823 0.183026
0.437075 0.182959
0.441441 0.182879
0.446852 0.182828
0.451 0.182752
0.456512 0.182739
0.460242 0.182663
0.466518 0.18248
0.47099 0.182398
0.476282 0.182378
0.480298 0.182307
0.485889 0.182321
0.489357 0.182249
0.495956 0.182001
0.500763 0.181929
0.505775 0.18197
0.509663 0.1819
0.515406 0.181909
0.518764 0.181833
0.525392 0.181551
0.530488 0.181484
0.535236 0.181518
0.539233 0.181453
0.543731 0.181939
0.545935 0.18205
0.549287 0.181484
0.553087 0.181624
0.555871 0.181417
0.560698 0.181492
0.563507 0.181463
0.568518 0.182153
0.569444 0.182175
0.575054 0.181163
0.578503 0.180931
0.584742 0.180732
0.58848 0.181586
0.589788 0.18168
0.596066 0.180252
end.
