begin.
-0.09375 1
-0.0875 1
-0.08125 1
-0.075 1
-0.06875 1
-0.0625 1
-0.05625 1
-0.05 1
-0.04375 1
-0.0375 1
-0.03125 1
-0.025 1
-0.01875 1
-0.0125 1
-0.00625 1
2.71992e-16 1
0.00625 1
0.0125 1
0.01875 1
0.025 1
0.03125 1
0.0375 1
0.04375 1
0.05 1
0.05625 1
0.0625 1
0.06875 1
0.075 1
0.08125 1
0.0875 1
0.09375 1
0.1 1
0.10625 1
0.1125 1
0.11875 1
0.125 1
0.13125 1
0.1375 1
0.14375 1
0.15 1.00001
0.15625 1.00001
0.1625 1.00002
0.16875 1.00002
0.175 1.00002
0.18125 1.00001
0.187499 0.999966
0.193749 0.999862
0.2 0.999648
0.206251 0.999246
0.212503 0.998539
0.218758 0.997366
0.225019 0.995515
0.231287 0.992723
0.237568 0.988691
0.243868 0.983098
0.250195 0.975636
0.256558 0.966054
0.262969 0.954201
0.269442 0.940049
0.275988 0.923703
0.282622 0.905386
0.289357 0.885415
0.296204 0.864151
0.303174 0.841877
0.310274 0.818651
0.317513 0.794237
0.324908 0.768219
0.332482 0.740233
0.340263 0.71019
0.348285 0.678322
0.356581 0.645112
0.365183 0.611233
0.374123 0.577639
0.38343 0.545673
0.393116 0.516964
0.403162 0.493277
0.413515 0.476662
0.424079 0.470026
0.434674 0.475503
0.44505 0.489479
0.455093 0.500135
0.46493 0.493034
0.475003 0.460252
0.486053 0.40794
0.498506 0.353565
0.511611 0.288507
0.528572 0.231032
0.54685 0.377428
0.557833 0.493916
0.562426 0.484124
0.584146 0.411814
0.60419 0.320268
0.62265 0.395089
0.619132 0.476907
0.713976 0.437389
0.582308 0.00827854
0.649806 0.359883
0.659162 0.423186
0.674581 0.413537
0.704501 0.399174
0.686686 0.371499
0.729822 0.37293
0.743931 0.390974
0.75749 0.345466
0.775226 0.256349
0.795995 0.354926
0.808814 0.530304
0.817542 0.537729
0.829452 0.375085
0.850179 0.204507
0.874971 0.180235
0.899996 0.179384
0.925 0.179483
0.95 0.179499
0.975 0.1795
1 0.1795
1.025 0.1795
1.05 0.1795
1.075 0.1795
1.1 0.1795
1.125 0.1795
1.15 0.1795
1.175 0.1795
1.2 0.1795
1.225 0.1795
1.25 0.1795
1.275 0.1795
1.3 0.1795
1.325 0.1795
1.35 0.1795
end.
