begin.
-0.658754 1.00061
-0.602927 1.00129
-0.599458 1.00401
-0.597536 1.00417
-0.595692 1.00197
-0.593816 1.00027
-0.591872 0.999948
-0.590046 0.999947
-0.588045 0.999945
-0.58627 0.999944
-0.584219 0.999937
-0.582487 0.999927
-0.580374 0.999924
-0.578689 0.999919
-0.576527 0.999916
-0.574876 0.999913
-0.572683 0.999909
-0.571052 0.999907
-0.568831 0.999915
-0.567228 0.999923
-0.565009 0.999919
-0.563408 0.999906
-0.561163 0.99991
-0.559569 0.999922
-0.557348 0.999919
-0.55574 0.999915
-0.553509 0.999922
-0.551933 0.999916
-0.549673 0.999914
-0.548093 0.999924
-0.545864 0.999924
-0.544259 0.999926
-0.542049 0.999931
-0.540441 0.999923
-0.538245 0.99991
-0.536577 0.999918
-0.534443 0.999922
-0.532734 0.999932
-0.53063 0.999956
-0.528942 0.999968
-0.526857 0.999963
-0.525151 0.999953
-0.523071 0.999948
-0.521347 0.999933
-0.519277 0.999937
-0.517493 0.99995
-0.515542 0.999947
-0.513622 0.99994
-0.511808 0.99992
-0.509743 0.999894
-0.508006 0.99988
-0.505828 0.99989
-0.50419 0.999893
-0.501955 0.99989
-0.500345 0.99989
-0.498105 0.999882
-0.496479 0.99989
-0.49424 0.999905
-0.492655 0.999907
-0.490386 0.999912
-0.488835 0.999909
-0.486552 0.999907
-0.48498 0.99992
-0.482742 0.999923
-0.48115 0.999911
-0.47892 0.999906
-0.477291 0.999914
-0.475114 0.999907
-0.473431 0.999916
-0.471284 0.999922
-0.469641 0.999899
-0.467401 0.999914
-0.465815 0.999942
-0.463608 0.999939
-0.461995 0.999922
-0.459806 0.999914
-0.458145 0.999909
-0.455999 0.999915
-0.454257 0.999953
-0.452252 0.999959
-0.450455 0.999937
-0.448444 0.999937
-0.446649 0.999934
-0.444637 0.999941
-0.442817 0.999968
-0.440879 0.999982
-0.439035 0.999986
-0.437122 0.999986
-0.435279 0.999974
-0.433345 0.999966
-0.431498 0.999959
-0.429561 0.999954
-0.427698 0.999956
-0.425779 0.99996
-0.423901 0.999967
-0.422003 0.999975
-0.420122 0.999982
-0.418238 0.999989
-0.41636 0.999992
-0.414481 0.999994
-0.412604 0.999993
-0.410726 0.99999
-0.408846 0.999987
-0.406964 0.999984
-0.405081 0.999982
-0.403197 0.99998
-0.401313 0.99998
-0.399429 0.999981
-0.397545 0.999982
-0.395662 0.999984
-0.393779 0.999986
-0.391898 0.999988
-0.390018 0.99999
-0.388139 0.999992
-0.38626 0.999994
-0.384383 0.999995
-0.382505 0.999996
-0.380629 0.999997
-0.378753 0.999998
-0.376877 0.999999
-0.375001 0.999999
-0.373126 0.999999
-0.371251 1
-0.369375 1
-0.3675 1
-0.365625 1
-0.36375 1
-0.361875 1
-0.36 1
-0.358125 1
-0.35625 1
-0.354375 1
-0.3525 1
-0.350625 1
-0.34875 1
-0.346875 1
-0.345 1
-0.343125 1
-0.34125 1
-0.339375 1
-0.3375 1
-0.335625 1
-0.33375 1
-0.331875 1
-0.33 1
-0.328125 1
-0.32625 1
-0.324375 1
-0.3225 1
-0.320625 1
-0.31875 1
-0.316875 1
-0.315 1
-0.313125 1
-0.31125 1
-0.309375 1
-0.3075 1
-0.305625 1
-0.30375 1
-0.301875 1
-0.3 1
-0.298125 1
-0.29625 1
-0.294375 1
-0.2925 1
-0.290625 1
-0.28875 1
-0.286875 1
-0.285 1
-0.283125 1
-0.28125 1
-0.279375 1
-0.2775 1
-0.275625 1
-0.27375 1
-0.271875 1
-0.27 1
-0.268125 1
-0.26625 1
-0.264375 1
-0.2625 1
-0.260625 1
-0.25875 1
-0.256875 1
-0.255 1
-0.253125 1
-0.25125 1
-0.249375 1
-0.2475 1
-0.245625 1
-0.24375 1
-0.241875 1
-0.24 1
-0.238125 1
-0.23625 1
-0.234375 1
-0.2325 1
-0.230625 1
-0.22875 1
-0.226875 1
-0.225 1
-0.223125 1
-0.22125 0.999999
-0.219374 0.999998
-0.217498 0.999997
-0.215621 0.999996
-0.213744 0.999994
-0.211865 0.999991
-0.209985 0.999988
-0.208104 0.999984
-0.20622 0.99998
-0.204334 0.999974
-0.202446 0.999969
-0.200555 0.999963
-0.198659 0.999956
-0.196764 0.999949
-0.194858 0.999942
-0.192963 0.999935
-0.19104 0.999927
-0.189154 0.999918
-0.187199 0.999909
-0.185332 0.999886
-0.183332 0.999845
-0.181436 0.999747
-0.179343 0.999576
-0.17721 0.999393
-0.174919 0.999196
-0.172512 0.99907
-0.170062 0.999003
-0.167569 0.998954
-0.165044 0.998939
-0.16253 0.998932
-0.159999 0.998915
-0.157452 0.998913
-0.154917 0.998907
-0.152362 0.99889
-0.149794 0.998887
-0.147233 0.998876
-0.144649 0.99886
-0.142055 0.998855
-0.139463 0.998843
-0.136847 0.998828
-0.134225 0.998823
-0.131601 0.998809
-0.128953 0.998797
-0.126304 0.998793
-0.123648 0.998779
-0.120972 0.998769
-0.118297 0.998765
-0.115612 0.998751
-0.112909 0.998745
-0.11021 0.998739
-0.107497 0.998726
-0.104772 0.998722
-0.102049 0.998715
-0.0993104 0.998704
-0.0965647 0.998702
-0.0938198 0.998693
-0.0910572 0.998685
-0.0882938 0.998683
-0.0855267 0.998674
-0.0827437 0.998668
-0.0799641 0.998666
-0.0771758 0.998656
-0.0743763 0.998654
-0.0715819 0.99865
-0.0687749 0.998643
-0.0659644 0.998644
-0.0631584 0.99864
-0.0603407 0.998638
-0.0575298 0.998643
-0.0547232 0.998642
-0.051911 0.998646
-0.0491117 0.998649
-0.0463069 0.998648
-0.043499 0.998554
-0.0404448 0.998235
-0.0367836 0.998038
-0.0332855 0.998314
-0.0303931 0.998502
-0.0272865 0.998206
-0.0235351 0.998032
-0.0200556 0.998319
-0.0171151 0.998442
-0.0138611 0.998167
-0.0101524 0.998118
-0.00685477 0.998352
-0.00377735 0.998305
-0.000266763 0.998133
0.00322225 0.998258
0.00636419 0.998325
0.00971978 0.99819
0.0132237 0.998219
0.0164649 0.998291
0.0197931 0.998207
0.0232729 0.998214
0.0265521 0.998268
0.0298957 0.998215
0.0333234 0.998237
0.0365888 0.998254
0.0399857 0.99821
0.0433612 0.998245
0.0466557 0.998225
0.0501 0.998223
0.0533867 0.998248
0.0567625 0.99821
0.060154 0.998238
0.0634549 0.998222
0.0668929 0.998228
0.0701615 0.998252
0.0735661 0.998216
0.0769114 0.998233
0.0802705 0.998235
0.0836245 0.998244
0.0869655 0.998227
0.0903496 0.998238
0.0936957 0.998254
0.0970564 0.998259
0.100478 0.998591
0.103484 1.00007
0.108573 0.181333
0.112098 0.182742
0.118371 0.182772
0.121919 0.182694
0.128173 0.182628
0.131676 0.182546
0.137966 0.18247
0.141459 0.182391
0.147708 0.182295
0.151253 0.182215
0.157654 0.182163
0.161104 0.182082
0.167343 0.18198
0.170867 0.1819
0.17695 0.181787
0.1806 0.181708
0.187098 0.1817
0.190501 0.181619
0.196993 0.181549
0.200372 0.181467
0.206215 0.181287
0.209933 0.181208
0.215856 0.181087
0.219782 0.181007
0.226769 0.181124
0.230057 0.181044
0.235973 0.180854
0.23953 0.180782
0.244857 0.180576
0.249187 0.180507
0.255746 0.180602
0.259193 0.180526
0.26564 0.180457
0.269084 0.180381
0.27479 0.180189
0.27868 0.180115
0.286118 0.180025
0.292222 0.180076
0.29588 0.17999
0.303197 0.180011
0.306931 0.179925
0.31286 0.179846
0.316574 0.179754
0.3225 0.1795
0.33 0.1795
0.3375 0.1795
0.345 0.1795
0.3525 0.1795
0.36 0.1795
0.3675 0.1795
0.375 0.1795
0.3825 0.1795
0.39 0.1795
0.3975 0.1795
0.405 0.1795
0.4125 0.1795
0.42 0.1795
0.4275 0.1795
0.435 0.1795
0.4425 0.1795
0.45 0.1795
0.4575 0.1795
0.465 0.1795
0.4725 0.1795
0.48 0.1795
0.4875 0.1795
0.495 0.1795
0.5025 0.1795
0.51 0.1795
0.5175 0.1795
0.525 0.1795
0.5325 0.1795
0.54 0.1795
0.5475 0.1795
0.555 0.1795
0.5625 0.1795
0.57 0.1795
0.5775 0.1795
0.585 0.1795
0.5925 0.1795
end.
