begin.
-0.729732 1.00066
-0.72484 1.00062
-0.703252 0.98694
-0.600665 0.997448
-0.598035 0.995769
-0.596562 1.0015
-0.594033 0.998364
-0.592567 0.999733
-0.590202 0.99984
-0.58861 0.999841
-0.586353 0.999856
-0.58465 0.999882
-0.582568 0.999884
-0.580709 0.999878
-0.578793 0.999859
-0.576734 0.999871
-0.574989 0.99987
-0.572816 0.999858
-0.571133 0.999867
-0.568906 0.999895
-0.567301 0.999901
-0.565066 0.99989
-0.563425 0.999906
-0.561245 0.999915
-0.559592 0.999901
-0.557403 0.999907
-0.555727 0.999932
-0.553621 0.999934
-0.551898 0.999921
-0.54981 0.999932
-0.548047 0.999953
-0.546056 0.999955
-0.544225 0.999942
-0.542281 0.999936
-0.540382 0.999937
-0.538494 0.999951
-0.536561 0.999959
-0.534731 0.999959
-0.532746 0.999951
-0.530961 0.999934
-0.528927 0.999913
-0.52713 0.999922
-0.52508 0.999945
-0.523352 0.999948
-0.521267 0.999938
-0.519548 0.99995
-0.517444 0.99997
-0.515804 0.999966
-0.513637 0.999948
-0.512017 0.999937
-0.509818 0.99993
-0.508221 0.99992
-0.505979 0.999913
-0.50439 0.999902
-0.502147 0.999883
-0.500522 0.99988
-0.498286 0.999877
-0.496669 0.999864
-0.494387 0.999872
-0.4928 0.99988
-0.490534 0.999873
-0.488928 0.99986
-0.486663 0.999859
-0.485007 0.999878
-0.482832 0.999905
-0.481113 0.999938
-0.47908 0.999952
-0.477256 0.999958
-0.475344 0.999959
-0.473431 0.999941
-0.471576 0.999936
-0.469573 0.999942
-0.467815 0.999938
-0.465729 0.999927
-0.464025 0.999919
-0.461881 0.99991
-0.460211 0.999903
-0.458014 0.999909
-0.456395 0.999908
-0.454166 0.999906
-0.452559 0.999906
-0.450332 0.999906
-0.448707 0.999918
-0.446509 0.999922
-0.444885 0.999916
-0.442677 0.99991
-0.441059 0.999903
-0.43883 0.999897
-0.437208 0.999911
-0.43498 0.999928
-0.433423 0.999914
-0.431126 0.999917
-0.429579 0.999945
-0.42735 0.999931
-0.425763 0.999897
-0.423496 0.999902
-0.421908 0.999924
-0.419698 0.999917
-0.418062 0.999903
-0.415872 0.99989
-0.414213 0.999884
-0.411995 0.999899
-0.41037 0.999924
-0.408164 0.999938
-0.406579 0.999936
-0.404341 0.999942
-0.402766 0.999956
-0.400566 0.999948
-0.39896 0.999936
-0.396762 0.999925
-0.395142 0.999918
-0.392927 0.999922
-0.391328 0.999923
-0.389097 0.999927
-0.387509 0.999931
-0.385291 0.999916
-0.383688 0.999881
-0.381434 0.999871
-0.379791 0.999882
-0.377609 0.999899
-0.375874 0.999951
-0.37387 0.999977
-0.372065 0.999981
-0.370119 0.999991
-0.368302 0.999981
-0.366364 0.999975
-0.364508 0.999978
-0.362617 0.999976
-0.360716 0.999975
-0.358855 0.999972
-0.356943 0.99996
-0.355064 0.999953
-0.353155 0.999947
-0.351263 0.999947
-0.349352 0.999955
-0.34747 0.999964
-0.345567 0.999972
-0.34369 0.999976
-0.341803 0.999971
-0.339906 0.999962
-0.338027 0.999948
-0.336105 0.999936
-0.334218 0.999927
-0.332289 0.999922
-0.330389 0.999922
-0.32847 0.999924
-0.32656 0.999928
-0.324654 0.999932
-0.322743 0.999933
-0.320843 0.999933
-0.318929 0.999928
-0.317028 0.999922
-0.315102 0.999915
-0.313205 0.999912
-0.31126 0.999911
-0.309388 0.999919
-0.30741 0.999924
-0.305605 0.999932
-0.303545 0.999925
-0.301851 0.999874
-0.29961 0.999842
-0.297962 0.99978
-0.295666 0.999718
-0.293844 0.999701
-0.291727 0.999527
-0.289514 0.999413
-0.287352 0.999271
-0.284951 0.999085
-0.282492 0.999063
-0.280104 0.998984
-0.277533 0.998918
-0.275006 0.998963
-0.272546 0.998913
-0.269928 0.998897
-0.267422 0.998955
-0.264931 0.998895
-0.262311 0.998912
-0.259832 0.998947
-0.257306 0.998886
-0.254696 0.998917
-0.252224 0.99893
-0.249655 0.99887
-0.247059 0.998916
-0.244572 0.9989
-0.241965 0.99886
-0.239382 0.998901
-0.236865 0.998871
-0.234228 0.998846
-0.231652 0.998883
-0.229096 0.998839
-0.226441 0.998836
-0.223863 0.998857
-0.221265 0.998815
-0.2186 0.998822
-0.216011 0.998832
-0.213375 0.998792
-0.210706 0.998811
-0.2081 0.998805
-0.205432 0.998776
-0.202761 0.998796
-0.200131 0.998781
-0.197437 0.998762
-0.194764 0.998781
-0.192107 0.998758
-0.189395 0.998751
-0.186717 0.998763
-0.184033 0.99874
-0.181308 0.99874
-0.178621 0.998745
-0.17591 0.998723
-0.173178 0.998731
-0.170478 0.998727
-0.167743 0.99871
-0.165006 0.998719
-0.162289 0.99871
-0.159535 0.998699
-0.156793 0.998708
-0.154056 0.998693
-0.151288 0.99869
-0.148541 0.998694
-0.145783 0.99868
-0.143006 0.998682
-0.14025 0.998681
-0.137473 0.998668
-0.134689 0.998674
-0.131921 0.998667
-0.129127 0.998659
-0.12634 0.998664
-0.123557 0.998655
-0.120751 0.998652
-0.117959 0.998655
-0.11516 0.998644
-0.112347 0.998646
-0.109549 0.998645
-0.106736 0.998638
-0.103921 0.998643
-0.101118 0.998639
-0.0982984 0.998637
-0.0954894 0.998645
-0.0926861 0.998642
-0.0898727 0.998646
-0.0870756 0.998651
-0.0842734 0.998645
-0.081464 0.998647
-0.0786655 0.998646
-0.0758539 0.998641
-0.0730443 0.998646
-0.070243 0.998647
-0.0674349 0.998586
-0.0644658 0.998315
-0.0609514 0.998087
-0.0574533 0.998266
-0.0544418 0.998348
-0.0510787 0.998083
-0.0473102 0.998126
-0.0441486 0.998459
-0.0412424 0.998361
-0.0376886 0.998043
-0.0339654 0.9982
-0.0309125 0.998484
-0.0278929 0.998304
-0.0242594 0.998078
-0.0207132 0.99829
-0.0176901 0.998424
-0.0144286 0.998195
-0.0107543 0.998155
-0.00745998 0.998369
-0.00436399 0.998317
-0.000851197 0.99816
0.0026228 0.998287
0.00575901 0.998344
0.00913075 0.9982
0.0126559 0.998234
0.0158929 0.998323
0.019197 0.998238
0.0226854 0.998225
0.0259848 0.998299
0.0292817 0.998249
0.032737 0.998227
0.0360616 0.998286
0.0393604 0.998255
0.0427851 0.998235
0.0461155 0.998269
0.0494501 0.99824
0.0528662 0.998244
0.0561691 0.998268
0.0595322 0.998228
0.0629426 0.998243
0.0662464 0.998256
0.0696325 0.99824
0.0729701 0.998258
0.0763053 0.998229
0.0797273 0.998238
0.0830253 0.998247
0.0864304 0.998223
0.0897824 0.998266
0.0930685 0.998245
0.0964926 0.998235
0.099789 0.998239
0.103208 0.998215
0.106563 0.998254
0.109875 0.998228
0.113308 0.998223
0.11662 0.998244
0.120004 0.998234
0.123332 0.998239
0.126707 0.998249
0.130007 0.998252
0.133372 0.998228
0.136735 0.998237
0.140088 0.998214
0.143502 0.998218
0.146839 0.998242
0.150194 0.998286
0.153424 0.99828
0.156798 0.998195
0.1603 0.998196
0.163662 0.998309
0.166976 0.998604
0.170421 1.00128
0.174472 0.182722
0.179565 0.184539
0.184189 0.184659
0.189127 0.184573
0.193849 0.184493
0.199006 0.184402
0.203876 0.184324
0.208819 0.184275
0.213318 0.184193
0.218599 0.184098
0.223243 0.184019
0.228363 0.183925
0.233208 0.183843
0.238257 0.183785
0.242816 0.183704
0.248069 0.18362
0.252663 0.183539
0.257808 0.183455
0.262426 0.183374
0.267564 0.183314
0.271965 0.183233
0.27748 0.183131
0.282085 0.183045
0.287198 0.182952
0.291899 0.182871
0.296946 0.182793
0.301592 0.182712
0.306762 0.182665
0.311128 0.18259
0.316673 0.18249
0.321237 0.182409
0.326437 0.182326
0.331041 0.182249
0.33616 0.182224
0.340321 0.182154
0.346065 0.181992
0.351322 0.181936
0.355759 0.181905
0.360248 0.181807
0.36548 0.181833
0.369253 0.18176
0.375426 0.181535
0.38108 0.181503
0.385255 0.181462
0.389871 0.18134
0.39499 0.181326
0.399103 0.181257
0.404641 0.181294
0.408058 0.181219
0.414731 0.180948
0.419709 0.180874
0.424582 0.180837
0.429065 0.180757
0.43435 0.18075
0.438332 0.180674
0.444175 0.180481
0.449485 0.180423
0.454032 0.180417
0.458368 0.180321
0.46376 0.180259
0.467957 0.180184
0.473614 0.180025
0.481111 0.180026
0.488086 0.18024
0.491313 0.180154
0.498268 0.179865
0.50322 0.179784
0.507924 0.179686
0.514428 0.179827
0.517745 0.179736
0.525 0.1795
0.5325 0.1795
0.54 0.1795
0.5475 0.1795
0.555 0.1795
0.5625 0.1795
0.57 0.1795
0.5775 0.1795
0.585 0.1795
0.5925 0.1795
end.
