begin.
-0.681789 1.00061
-0.64185 1.00058
-0.600887 1.00314
-0.598152 1.00556
-0.597006 1.00222
-0.594514 1.00045
-0.593064 0.999886
-0.590762 0.999912
-0.589208 0.999884
-0.586916 0.999879
-0.585334 0.999877
-0.583058 0.999878
-0.581455 0.999874
-0.579218 0.999863
-0.577538 0.999862
-0.575374 0.999881
-0.573609 0.999906
-0.571619 0.999903
-0.569673 0.999909
-0.567868 0.999897
-0.565763 0.999883
-0.564053 0.99988
-0.561859 0.999889
-0.560217 0.999896
-0.558004 0.999891
-0.556371 0.99989
-0.554145 0.999896
-0.552522 0.999905
-0.550306 0.999903
-0.548689 0.999893
-0.546449 0.999895
-0.544839 0.999907
-0.542612 0.999914
-0.541006 0.99991
-0.538791 0.999898
-0.537149 0.999893
-0.534945 0.999907
-0.533296 0.999924
-0.531145 0.999928
-0.529453 0.999926
-0.527357 0.999924
-0.525595 0.999936
-0.523578 0.99995
-0.521766 0.999957
-0.519815 0.999954
-0.517958 0.999938
-0.516024 0.999931
-0.514122 0.999942
-0.512231 0.999954
-0.510323 0.999949
-0.508436 0.999959
-0.506514 0.999973
-0.504692 0.99996
-0.502706 0.999928
-0.500899 0.999919
-0.498846 0.999929
-0.497112 0.999938
-0.494999 0.999954
-0.493343 0.999957
-0.491205 0.999945
-0.489536 0.999949
-0.487402 0.999956
-0.485751 0.999954
-0.483607 0.999941
-0.481955 0.999923
-0.479779 0.999905
-0.478125 0.999894
-0.475914 0.99989
-0.474295 0.99988
-0.472024 0.999889
-0.470453 0.999896
-0.468177 0.999887
-0.466595 0.999875
-0.464316 0.999867
-0.462713 0.999866
-0.460443 0.999879
-0.458823 0.999901
-0.456633 0.999886
-0.454958 0.999864
-0.452749 0.999874
-0.451084 0.999909
-0.448898 0.999932
-0.447291 0.999917
-0.445067 0.999906
-0.443445 0.999909
-0.441251 0.999918
-0.439571 0.999943
-0.437495 0.999943
-0.435743 0.999926
-0.433696 0.999928
-0.431892 0.999957
-0.429923 0.999972
-0.428117 0.999961
-0.42613 0.999963
-0.424338 0.999957
-0.42235 0.999957
-0.420516 0.999976
-0.418608 0.999979
-0.41673 0.999969
-0.414837 0.999962
-0.412951 0.999944
-0.411032 0.999937
-0.409138 0.99994
-0.407234 0.999946
-0.405324 0.999959
-0.403451 0.999971
-0.401544 0.999978
-0.399677 0.999982
-0.397786 0.999979
-0.395901 0.999974
-0.394019 0.999967
-0.392118 0.999961
-0.390234 0.999958
-0.38833 0.999957
-0.386442 0.999959
-0.384543 0.999964
-0.382655 0.99997
-0.380765 0.999976
-0.378881 0.999982
-0.376999 0.999987
-0.375119 0.99999
-0.37324 0.999992
-0.371361 0.999991
-0.369482 0.999989
-0.367602 0.999987
-0.36572 0.999984
-0.363837 0.999982
-0.361954 0.999981
-0.36007 0.999981
-0.358186 0.999981
-0.356302 0.999982
-0.354419 0.999983
-0.352536 0.999985
-0.350654 0.999987
-0.348774 0.999989
-0.346894 0.99999
-0.345014 0.999992
-0.343136 0.999994
-0.341258 0.999995
-0.339381 0.999996
-0.337504 0.999997
-0.335628 0.999998
-0.333752 0.999998
-0.331877 0.999999
-0.330001 0.999999
-0.328126 0.999999
-0.32625 1
-0.324375 1
-0.3225 1
-0.320625 1
-0.31875 1
-0.316875 1
-0.315 1
-0.313125 1
-0.31125 1
-0.309375 1
-0.3075 1
-0.305625 1
-0.30375 1
-0.301875 1
-0.3 1
-0.298125 1
-0.29625 1
-0.294375 1
-0.2925 1
-0.290625 1
-0.28875 1
-0.286875 1
-0.285 1
-0.283125 1
-0.28125 1
-0.279375 1
-0.2775 1
-0.275625 1
-0.27375 1
-0.271875 1
-0.27 1
-0.268125 1
-0.26625 0.999999
-0.264374 0.999999
-0.262498 0.999998
-0.260622 0.999997
-0.258745 0.999995
-0.256867 0.999994
-0.254989 0.999991
-0.253109 0.999989
-0.251228 0.999985
-0.249345 0.999982
-0.24746 0.999977
-0.245573 0.999973
-0.243684 0.999968
-0.241793 0.999963
-0.239898 0.999957
-0.238003 0.999952
-0.2361 0.999946
-0.234206 0.999942
-0.232288 0.999936
-0.230406 0.999932
-0.228458 0.999926
-0.22661 0.999919
-0.224602 0.999911
-0.222808 0.999877
-0.220714 0.999837
-0.2189 0.999744
-0.216736 0.99957
-0.214646 0.999417
-0.212366 0.999206
-0.209953 0.999082
-0.207525 0.999018
-0.205038 0.998953
-0.202504 0.998946
-0.20001 0.998944
-0.197483 0.998918
-0.194936 0.998927
-0.192426 0.998925
-0.189881 0.998903
-0.187327 0.998911
-0.184797 0.998902
-0.18223 0.998883
-0.17966 0.998888
-0.177105 0.998874
-0.174513 0.998858
-0.171923 0.998861
-0.169338 0.998844
-0.166719 0.998832
-0.164107 0.998833
-0.161493 0.998816
-0.158849 0.998807
-0.156215 0.998806
-0.153571 0.998789
-0.150904 0.998784
-0.148249 0.998781
-0.145578 0.998765
-0.142891 0.998763
-0.140214 0.998757
-0.137517 0.998744
-0.134812 0.998744
-0.132113 0.998735
-0.129393 0.998725
-0.126672 0.998725
-0.123951 0.998715
-0.121211 0.998708
-0.118474 0.998707
-0.115732 0.998696
-0.112973 0.998693
-0.110222 0.99869
-0.107459 0.99868
-0.104686 0.998679
-0.101919 0.998674
-0.0991362 0.998665
-0.0963507 0.998666
-0.0935677 0.998659
-0.0907687 0.998653
-0.0879728 0.998653
-0.0851741 0.998646
-0.0823626 0.998644
-0.0795585 0.998644
-0.0767469 0.998638
-0.0739304 0.99864
-0.0711239 0.998641
-0.0683097 0.99864
-0.0655015 0.998647
-0.0627019 0.998647
-0.0598934 0.998647
-0.0570924 0.998648
-0.0542881 0.998647
-0.0514777 0.998553
-0.0484251 0.998243
-0.044794 0.998062
-0.0413471 0.998333
-0.0384528 0.998458
-0.0352315 0.99814
-0.0314267 0.998051
-0.0280677 0.998381
-0.0251686 0.998437
-0.0218379 0.998126
-0.018091 0.998123
-0.0148423 0.998394
-0.0118163 0.998328
-0.00829263 0.998116
-0.00474911 0.998258
-0.00164989 0.998369
0.00164885 0.998198
0.00522777 0.99819
0.00849201 0.998318
0.0117339 0.998241
0.015245 0.99819
0.0185845 0.998288
0.0218252 0.99826
0.0252706 0.998208
0.028627 0.998266
0.0319057 0.998244
0.0353442 0.998214
0.0386836 0.998259
0.0419962 0.998231
0.0454239 0.99823
0.0487234 0.99825
0.0521026 0.998213
0.0555 0.998246
0.0587768 0.998243
0.0621981 0.998224
0.0655139 0.998245
0.0688778 0.998213
0.0722796 0.99825
0.0755431 0.998237
0.0789875 0.998214
0.0823024 0.998242
0.0856796 0.99822
0.089045 0.998238
0.0923678 0.998239
0.0957533 0.998234
0.0990707 0.998231
0.102472 0.998225
0.105814 0.998228
0.109212 0.998239
0.1125 0.998263
0.115878 0.998249
0.11923 0.998272
0.122608 0.998608
0.125827 1.00043
0.130376 0.181754
0.134703 0.183294
0.140181 0.183371
0.144445 0.183294
0.149993 0.183214
0.154269 0.183132
0.159713 0.183042
0.16407 0.182964
0.169485 0.182882
0.173837 0.182801
0.179348 0.182741
0.183553 0.182661
0.189025 0.182558
0.193416 0.182479
0.19892 0.182411
0.203214 0.18233
0.208732 0.18227
0.21287 0.182192
0.218598 0.182069
0.22308 0.181983
0.228275 0.181922
0.232572 0.181842
0.238066 0.181817
0.241967 0.181738
0.247981 0.181564
0.252638 0.181479
0.25773 0.181401
0.262346 0.181328
0.267482 0.181347
0.271383 0.181273
0.277231 0.181249
0.280792 0.181176
0.287263 0.180924
0.292529 0.180868
0.297067 0.180892
0.301202 0.180803
0.306647 0.180838
0.310092 0.180764
0.31672 0.180526
0.321315 0.180445
0.32645 0.180404
0.330697 0.180331
0.336261 0.180312
0.340139 0.180235
0.346121 0.180027
0.353626 0.180044
0.358486 0.17996
0.363278 0.179857
0.370283 0.180075
0.373505 0.179988
0.380194 0.179911
0.38352 0.17982
0.39 0.1795
0.3975 0.1795
0.405 0.1795
0.4125 0.1795
0.42 0.1795
0.4275 0.1795
0.435 0.1795
0.4425 0.1795
0.45 0.1795
0.4575 0.1795
0.465 0.1795
0.4725 0.1795
0.48 0.1795
0.4875 0.1795
0.495 0.1795
0.5025 0.1795
0.51 0.1795
0.5175 0.1795
0.525 0.1795
0.5325 0.1795
0.54 0.1795
0.5475 0.1795
0.555 0.1795
0.5625 0.1795
0.57 0.1795
0.5775 0.1795
0.585 0.1795
0.5925 0.1795
end.
