begin.
-0.956794 1.00079
-0.871249 1.0008
-1.40704 0.987094
-0.850694 0.990801
-1.2174 0.883925
-0.648996 0.797566
-0.599055 0.859563
-0.596842 0.912347
-0.594604 0.991636
-0.592833 0.997352
-0.5907 0.99993
-0.588988 1.00002
-0.586964 1.00006
-0.585321 1.00004
-0.583233 1
-0.581603 0.999959
-0.579419 0.999934
-0.577805 0.999913
-0.575584 0.999897
-0.573946 0.999885
-0.571744 0.999865
-0.570046 0.999868
-0.567856 0.999886
-0.566215 0.999861
-0.563956 0.999837
-0.562305 0.999852
-0.560041 0.999887
-0.558483 0.999881
-0.556161 0.99985
-0.554593 0.999828
-0.552232 0.99985
-0.550687 0.999883
-0.54839 0.999866
-0.546805 0.999819
-0.544458 0.999832
-0.542857 0.999873
-0.540631 0.999865
-0.538939 0.999855
-0.536771 0.999829
-0.535029 0.999801
-0.532793 0.999816
-0.531138 0.999805
-0.528832 0.999801
-0.527193 0.999823
-0.524901 0.999857
-0.523277 0.999887
-0.521068 0.999871
-0.519393 0.99984
-0.517166 0.999816
-0.515465 0.99981
-0.513202 0.999822
-0.511572 0.999804
-0.509244 0.999787
-0.507618 0.99976
-0.505272 0.999739
-0.503549 0.999705
-0.501323 0.999537
-0.499218 0.999432
-0.497024 0.999226
-0.494535 0.999187
-0.492352 0.999132
-0.489806 0.999031
-0.487435 0.999054
-0.484979 0.998963
-0.48243 0.998944
-0.479942 0.998977
-0.477469 0.998919
-0.474859 0.99895
-0.472438 0.998997
-0.469944 0.998924
-0.467352 0.99896
-0.464944 0.998941
-0.462323 0.998866
-0.459749 0.998924
-0.457266 0.998864
-0.454578 0.998931
-0.452196 0.998937
-0.449551 0.998851
-0.446969 0.998966
-0.444567 0.998888
-0.441826 0.998887
-0.439393 0.99895
-0.436825 0.998845
-0.43415 0.998945
-0.431789 0.998852
-0.428923 0.99888
-0.426562 0.99896
-0.423911 0.998874
-0.421356 0.998924
-0.418819 0.99887
-0.416181 0.998904
-0.413678 0.998889
-0.411031 0.99883
-0.408415 0.99888
-0.405864 0.998873
-0.403241 0.998876
-0.400722 0.998845
-0.398023 0.998852
-0.395524 0.998845
-0.392817 0.998807
-0.390236 0.998828
-0.387585 0.998756
-0.384846 0.998854
-0.382382 0.998849
-0.379648 0.998779
-0.377034 0.998824
-0.374399 0.998793
-0.371718 0.998839
-0.369161 0.998836
-0.366499 0.998763
-0.36379 0.998826
-0.361252 0.998774
-0.358433 0.998702
-0.355747 0.998772
-0.353078 0.998686
-0.350224 0.998725
-0.347608 0.998747
-0.344814 0.998707
-0.342094 0.998802
-0.339497 0.998732
-0.336645 0.998712
-0.333995 0.998782
-0.331302 0.998667
-0.328416 0.998733
-0.325829 0.998735
-0.322968 0.998701
-0.320278 0.998788
-0.317603 0.998677
-0.314709 0.998717
-0.312082 0.998766
-0.309309 0.998673
-0.306492 0.998757
-0.303875 0.998723
-0.300997 0.998676
-0.298274 0.998739
-0.295551 0.998702
-0.292752 0.998701
-0.290026 0.998713
-0.287243 0.998669
-0.284456 0.998713
-0.281744 0.998702
-0.278941 0.998665
-0.276152 0.998714
-0.273445 0.998668
-0.270572 0.998658
-0.267828 0.998717
-0.265099 0.998658
-0.262225 0.9987
-0.25957 0.99871
-0.25672 0.998657
-0.25397 0.998719
-0.251245 0.998639
-0.248343 0.998606
-0.245523 0.998656
-0.242733 0.998604
-0.239805 0.998616
-0.237028 0.998638
-0.234152 0.998597
-0.231295 0.998641
-0.228501 0.998596
-0.225565 0.998587
-0.222728 0.998651
-0.219939 0.998593
-0.216985 0.998581
-0.214159 0.998619
-0.21129 0.99859
-0.208408 0.998645
-0.205643 0.998615
-0.20272 0.998574
-0.199848 0.99863
-0.197047 0.998597
-0.194112 0.998586
-0.191281 0.998604
-0.188386 0.99855
-0.185441 0.998613
-0.182663 0.998627
-0.179776 0.998586
-0.176901 0.998611
-0.174068 0.998573
-0.171114 0.998575
-0.168277 0.998601
-0.165385 0.998536
-0.162414 0.998578
-0.159592 0.998591
-0.156671 0.998558
-0.15377 0.998621
-0.150984 0.998622
-0.148098 0.998612
-0.145285 0.998641
-0.142463 0.998584
-0.139536 0.998596
-0.136722 0.998616
-0.133852 0.998581
-0.130961 0.998618
-0.128167 0.998616
-0.125282 0.998595
-0.122439 0.998634
-0.119634 0.998614
-0.11676 0.998635
-0.113989 0.998681
-0.11122 0.998634
-0.108322 0.998381
-0.104894 0.998056
-0.101164 0.998135
-0.0980164 0.998387
-0.0949259 0.998218
-0.0912228 0.998042
-0.0877319 0.998267
-0.0846798 0.998306
-0.0812187 0.998103
-0.077632 0.998209
-0.0745006 0.998303
-0.0711196 0.998093
-0.0673517 0.998113
-0.0641075 0.998409
-0.0611284 0.998338
-0.057567 0.998055
-0.0538382 0.998206
-0.0507678 0.998477
-0.047705 0.998268
-0.0439465 0.99805
-0.0403834 0.998332
-0.0374268 0.998451
-0.0340842 0.998158
-0.0302988 0.998167
-0.0270626 0.998429
-0.0239904 0.998331
-0.0203845 0.998142
-0.016857 0.998314
-0.0137642 0.99841
-0.0104278 0.998224
-0.00680636 0.998218
-0.00352702 0.998385
-0.000342865 0.998314
0.00319322 0.998195
0.00664496 0.998323
0.00982109 0.998355
0.0132346 0.998222
0.0167568 0.99828
0.019982 0.998359
0.0233138 0.99825
0.0268495 0.998257
0.0301269 0.99836
0.0333906 0.998291
0.036879 0.998253
0.0402171 0.998321
0.0435161 0.998279
0.0469875 0.998258
0.0503226 0.998325
0.0536065 0.998296
0.0570367 0.998272
0.0603686 0.998319
0.063665 0.998293
0.0670821 0.998276
0.0704091 0.998316
0.0737146 0.998283
0.077142 0.998258
0.0805001 0.998289
0.0838357 0.99828
0.0872244 0.998286
0.0905323 0.998302
0.0938839 0.998266
0.0972891 0.998262
0.100642 0.998248
0.104092 0.998224
0.107496 0.998282
0.110773 0.998309
0.114117 0.998299
0.117415 0.998299
0.12076 0.998253
0.124185 0.998262
0.127488 0.998285
0.130854 0.998258
0.134229 0.998249
0.137621 0.998217
0.141077 0.998271
0.144302 0.998339
0.147599 0.998264
0.151034 0.998233
0.154393 0.998246
0.157791 0.998253
0.161125 0.998239
0.164572 0.998211
0.167969 0.998269
0.171246 0.998281
0.174626 0.998271
0.177922 0.998273
0.181298 0.998239
0.184684 0.998239
0.18805 0.998239
0.191435 0.99823
0.194827 0.998218
0.198234 0.998253
0.201522 0.998285
0.204849 0.998304
0.208083 0.998275
0.211512 0.998197
0.214944 0.998227
0.218275 0.99822
0.22174 0.998194
0.225144 0.998166
0.228688 0.998179
0.232024 0.998327
0.235169 0.99837
0.238427 0.998289
0.241778 0.998221
0.245229 0.998142
0.248798 0.998147
0.25221 0.998193
0.255633 0.99833
0.258683 0.998481
0.26177 0.998273
0.265458 0.998177
0.268715 0.998415
0.271785 0.998351
0.275277 0.998163
0.278887 0.998066
0.282701 0.998359
0.285621 0.999078
0.289141 1.00354
0.292541 0.185353
0.298751 0.188105
0.30223 0.188385
0.307958 0.188294
0.311406 0.188223
0.318082 0.188137
0.321435 0.188058
0.327512 0.187991
0.330879 0.187903
0.337483 0.187833
0.34087 0.187758
0.346904 0.187475
0.350886 0.1874
0.357464 0.187526
0.360813 0.187436
0.367492 0.187326
0.370856 0.187246
0.376586 0.187159
0.379884 0.187072
0.38633 0.186924
0.389822 0.186843
0.395906 0.186853
0.399243 0.186765
0.40537 0.187163
0.407437 0.187176
0.411595 0.187007
0.41368 0.186913
0.418106 0.186591
0.420941 0.186443
0.425107 0.186128
0.429944 0.186394
0.432983 0.186435
0.436911 0.186998
0.437746 0.186808
0.441507 0.185983
0.444544 0.186003
0.450706 0.186379
0.448497 0.186279
0.456846 0.185654
0.460382 0.185496
0.463843 0.185617
0.467456 0.185707
0.471669 0.185426
0.479185 0.185657
0.476633 0.18573
0.483326 0.186106
0.484872 0.185907
0.490793 0.186113
0.490013 0.186176
0.494531 0.185394
0.505209 0.185102
0.510375 0.185973
0.497538 0.185088
0.511247 0.185598
0.501615 0.184984
0.515892 0.184975
0.522768 0.185512
0.5188 0.184566
0.524693 0.184751
0.529161 0.183899
0.532769 0.183644
0.538355 0.184582
0.536459 0.184861
0.543463 0.18519
0.547011 0.183656
0.54163 0.184737
0.551805 0.184071
0.559214 0.18384
0.554327 0.184313
0.565947 0.183957
0.562427 0.18414
0.56974 0.183755
0.579731 0.185343
0.578177 0.185032
0.588863 0.185065
0.574891 0.183607
0.585166 0.183317
0.590902 0.184182
0.593236 0.185453
0.597785 0.183402
end.
