begin.
-0.90719 1.00073
-0.821396 1.00083
-1.25285 0.987094
-0.780863 0.990584
-0.819141 0.884097
-0.599057 0.934042
-0.597305 0.929042
-0.595896 0.978289
-0.593465 0.999421
-0.591956 0.999866
-0.589613 0.99989
-0.588101 0.999881
-0.585758 0.999867
-0.58422 0.999862
-0.581874 0.99987
-0.580343 0.999863
-0.578003 0.999864
-0.576435 0.999883
-0.574168 0.999913
-0.572548 0.999956
-0.570407 0.999993
-0.568752 0.999998
-0.566705 0.99997
-0.564945 0.999944
-0.562907 0.999946
-0.561145 0.999939
-0.559103 0.99993
-0.557311 0.999948
-0.555293 0.999987
-0.553558 0.999988
-0.551547 0.99995
-0.549734 0.999939
-0.547741 0.999948
-0.545953 0.99994
-0.543913 0.999909
-0.542138 0.999875
-0.540014 0.999868
-0.538303 0.999868
-0.536088 0.999883
-0.534467 0.99988
-0.532222 0.999856
-0.530575 0.999852
-0.528331 0.99987
-0.52669 0.999881
-0.524491 0.999862
-0.522774 0.999851
-0.520625 0.999857
-0.51885 0.999864
-0.516785 0.999867
-0.514906 0.999883
-0.512994 0.99988
-0.510955 0.999905
-0.509211 0.99992
-0.50709 0.999908
-0.505396 0.9999
-0.503223 0.999887
-0.501569 0.999866
-0.499316 0.999876
-0.497698 0.9999
-0.49548 0.999898
-0.493845 0.999891
-0.491634 0.999877
-0.489986 0.999864
-0.487732 0.999884
-0.486131 0.9999
-0.483893 0.999891
-0.482272 0.999885
-0.480031 0.99989
-0.478416 0.999883
-0.476176 0.999861
-0.474527 0.999836
-0.472276 0.999821
-0.470593 0.999812
-0.468345 0.999819
-0.46664 0.999834
-0.464457 0.99981
-0.462702 0.999752
-0.460465 0.999722
-0.458667 0.999672
-0.456423 0.999561
-0.454397 0.999481
-0.45219 0.999286
-0.449782 0.999252
-0.447608 0.999182
-0.445117 0.999058
-0.442697 0.999112
-0.440405 0.999004
-0.437719 0.999085
-0.435581 0.999084
-0.432938 0.998999
-0.430584 0.999048
-0.428089 0.998931
-0.425502 0.998969
-0.423079 0.998909
-0.420431 0.998836
-0.417833 0.998884
-0.415298 0.99885
-0.41263 0.998861
-0.41011 0.998882
-0.407501 0.998862
-0.404933 0.998863
-0.402324 0.998901
-0.399825 0.998876
-0.397183 0.998829
-0.394583 0.99888
-0.392057 0.998814
-0.389317 0.998851
-0.386853 0.998873
-0.38417 0.998848
-0.381637 0.998905
-0.379069 0.998819
-0.376386 0.998834
-0.373825 0.998887
-0.371266 0.998814
-0.368559 0.998838
-0.366039 0.998852
-0.363374 0.998793
-0.360713 0.998877
-0.358218 0.998804
-0.355432 0.998804
-0.352898 0.998866
-0.350258 0.998787
-0.347569 0.998837
-0.345019 0.998808
-0.342292 0.998751
-0.339605 0.998872
-0.337113 0.998791
-0.334275 0.998769
-0.331712 0.99884
-0.329051 0.998745
-0.326278 0.998822
-0.323758 0.998793
-0.320948 0.998779
-0.318377 0.998848
-0.315717 0.998747
-0.312959 0.998773
-0.310329 0.998796
-0.307647 0.99874
-0.304884 0.998716
-0.302164 0.998748
-0.299489 0.998679
-0.296603 0.998704
-0.293971 0.998727
-0.291155 0.998693
-0.288438 0.998731
-0.285696 0.998672
-0.28289 0.998694
-0.280159 0.99872
-0.277422 0.998671
-0.274592 0.998677
-0.271855 0.998704
-0.269098 0.998667
-0.266282 0.99869
-0.263559 0.998665
-0.26071 0.998666
-0.257963 0.998729
-0.255259 0.998667
-0.25239 0.998645
-0.24963 0.998685
-0.246849 0.998641
-0.244 0.998682
-0.241288 0.998661
-0.238416 0.998613
-0.235586 0.998682
-0.232859 0.998669
-0.230011 0.998656
-0.227253 0.99868
-0.224457 0.998607
-0.221552 0.99864
-0.218802 0.998659
-0.215959 0.998609
-0.213094 0.998646
-0.210326 0.998617
-0.207408 0.998591
-0.204575 0.998658
-0.201796 0.998628
-0.198917 0.998649
-0.196164 0.998667
-0.193342 0.998607
-0.190457 0.998633
-0.187682 0.998626
-0.184791 0.998595
-0.181946 0.998646
-0.179159 0.998612
-0.176258 0.998612
-0.173455 0.998642
-0.170629 0.998609
-0.167754 0.998643
-0.164994 0.998659
-0.162163 0.998629
-0.159342 0.998649
-0.156548 0.998605
-0.153643 0.998595
-0.150814 0.998623
-0.147977 0.998601
-0.145101 0.998629
-0.142319 0.998639
-0.139473 0.998606
-0.136621 0.998627
-0.133812 0.998602
-0.130916 0.99859
-0.128069 0.998618
-0.125238 0.998598
-0.122352 0.998609
-0.11954 0.998631
-0.116705 0.998609
-0.113848 0.998626
-0.111045 0.998621
-0.108184 0.9986
-0.105333 0.998626
-0.102527 0.998625
-0.0996719 0.998509
-0.0965564 0.998203
-0.0928692 0.998025
-0.0893625 0.998268
-0.0863532 0.998351
-0.0829912 0.99811
-0.0793286 0.998153
-0.0761373 0.998309
-0.0728826 0.998156
-0.069214 0.998139
-0.0659791 0.998387
-0.0629671 0.998283
-0.0593254 0.998028
-0.0556596 0.998247
-0.052679 0.998491
-0.0495823 0.998241
-0.0458207 0.99806
-0.0423461 0.998366
-0.0394283 0.998464
-0.0361003 0.998154
-0.0323246 0.998165
-0.0291134 0.998451
-0.0260953 0.998348
-0.022505 0.998132
-0.0189641 0.998313
-0.0159067 0.998426
-0.0126046 0.998226
-0.00898085 0.998215
-0.00571834 0.998394
-0.00257006 0.998325
0.000949138 0.998193
0.00440234 0.998318
0.00756201 0.998364
0.0109391 0.99823
0.0144551 0.998272
0.0176814 0.998363
0.0209753 0.998263
0.0244917 0.99825
0.0277806 0.99835
0.0310341 0.998287
0.034524 0.99824
0.0378724 0.998321
0.0411345 0.998298
0.0445688 0.998262
0.0479079 0.998315
0.0511935 0.998282
0.0546414 0.998246
0.0580056 0.998296
0.0613079 0.998279
0.0647328 0.99826
0.0680704 0.998304
0.0713713 0.998279
0.0747881 0.998264
0.0781169 0.998302
0.0814261 0.998281
0.0848182 0.998272
0.0881436 0.998275
0.0915253 0.998244
0.094929 0.998271
0.0982292 0.998281
0.101614 0.99826
0.104958 0.998293
0.108255 0.998264
0.111689 0.998224
0.11508 0.998226
0.118505 0.998223
0.121893 0.998282
0.125153 0.998298
0.128512 0.998276
0.131821 0.998271
0.135199 0.998233
0.138602 0.998281
0.141837 0.998289
0.145246 0.998212
0.148682 0.99821
0.152077 0.998249
0.155399 0.998304
0.158652 0.998266
0.162095 0.998228
0.165429 0.998263
0.168774 0.99824
0.172177 0.998218
0.175576 0.998214
0.178983 0.998227
0.182338 0.998245
0.185694 0.998276
0.188966 0.998257
0.192384 0.998237
0.195697 0.998253
0.199076 0.998222
0.20247 0.998236
0.205808 0.998202
0.20931 0.998206
0.212617 0.998284
0.215898 0.99829
0.219204 0.998276
0.222526 0.998229
0.225962 0.998204
0.229327 0.998269
0.232608 0.998209
0.236161 0.998134
0.23963 0.998161
0.243101 0.998245
0.246335 0.998367
0.249481 0.998322
0.252913 0.998297
0.25612 0.998364
0.259535 0.998643
0.263656 1.00299
0.26688 0.184868
0.272567 0.187382
0.275944 0.187625
0.282504 0.187581
0.285812 0.187499
0.292123 0.187396
0.295635 0.187314
0.302036 0.187145
0.305564 0.187062
0.311554 0.187067
0.314891 0.186986
0.321495 0.18691
0.324818 0.186827
0.331377 0.186748
0.3348 0.186668
0.340905 0.186535
0.344306 0.186452
0.350675 0.186426
0.354054 0.186344
0.360719 0.186257
0.364162 0.186171
0.37085 0.186063
0.374179 0.185973
0.379802 0.185886
0.383131 0.185805
0.39035 0.185743
0.393734 0.185659
0.399813 0.185574
0.40316 0.185499
0.409219 0.185362
0.412638 0.185281
0.418596 0.18518
0.422079 0.185108
0.429683 0.185055
0.433513 0.184976
0.439291 0.184969
0.442637 0.18489
0.448591 0.18478
0.45192 0.184698
0.457286 0.184964
0.459595 0.184921
0.464042 0.184847
0.466684 0.184878
0.470316 0.184486
0.474368 0.184578
0.477587 0.184385
0.482313 0.184356
0.485223 0.184141
0.490178 0.184317
0.492852 0.184438
0.497593 0.184118
0.50137 0.184282
0.504057 0.184465
0.509737 0.1846
0.506838 0.184687
0.51207 0.184323
0.515758 0.183704
0.520558 0.183256
0.525287 0.18319
0.528962 0.183435
0.531747 0.183332
0.535219 0.183261
0.53857 0.182971
0.543559 0.183569
0.548446 0.183276
0.545863 0.183863
0.552265 0.183809
0.557873 0.183702
0.553544 0.183996
0.564559 0.182893
0.559141 0.183772
0.569127 0.183501
0.579563 0.183442
0.574894 0.183262
0.582809 0.1833
0.571681 0.183289
0.58649 0.182617
0.58982 0.182473
0.594307 0.184189
0.595969 0.183041
end.
