begin.
-0.09375 1
-0.0875 1
-0.08125 1
-0.075 1
-0.06875 1
-0.0625 1
-0.05625 1
-0.05 1
-0.04375 1
-0.0375 1
-0.03125 1
-0.025 1
-0.01875 1
-0.0125 1
-0.00625 1
8.94657e-18 1
0.00625 1
0.0125 1
0.01875 1
0.025 1
0.03125 1
0.0375 1
0.04375 1
0.05 1
0.05625 1
0.0625 1
0.06875 1
0.075 1
0.08125 1
0.0875 1
0.09375 1
0.1 1
0.10625 1
0.1125 1
0.11875 1
0.125 1
0.13125 1
0.1375 1
0.14375 1
0.15 1
0.15625 1
0.1625 1
0.16875 1
0.175 1
0.18125 1
0.1875 1
0.19375 1
0.2 1
0.20625 1
0.2125 1
0.21875 1
0.225 1
0.23125 1
0.2375 1
0.24375 1
0.25 1
0.25625 1
0.2625 1
0.26875 1
0.275 1
0.28125 1
0.2875 1.00001
0.29375 1.00001
0.3 1.00003
0.30625 1.00005
0.3125 1.00007
0.318749 1.0001
0.324999 1.00011
0.331248 1.00004
0.337497 0.999805
0.343747 0.999226
0.349999 0.997988
0.356254 0.9956
0.362517 0.991437
0.368799 0.984801
0.375115 0.974929
0.381478 0.96093
0.387904 0.941833
0.394428 0.91694
0.401101 0.886217
0.407969 0.850075
0.415053 0.808626
0.42238 0.760943
0.43004 0.70576
0.4382 0.64351
0.446995 0.578979
0.456497 0.520486
0.466819 0.480128
0.477615 0.493643
0.488176 0.570162
0.499149 0.612923
0.515892 0.282097
0.536962 0.185542
0.558609 0.326608
0.593361 0.470255
0.499175 0.0453135
0.566747 0.351582
0.594088 0.416855
0.621474 0.243269
0.639293 0.514549
0.646067 0.565912
0.656988 0.443728
0.675416 0.228166
0.699963 0.181218
0.724996 0.179353
0.75 0.179483
0.775 0.1795
0.8 0.1795
0.825 0.1795
0.85 0.1795
0.875 0.1795
0.9 0.1795
0.925 0.1795
0.95 0.1795
0.975 0.1795
1 0.1795
1.025 0.1795
1.05 0.1795
1.075 0.1795
1.1 0.1795
1.125 0.1795
1.15 0.1795
1.175 0.1795
1.2 0.1795
1.225 0.1795
1.25 0.1795
1.275 0.1795
1.3 0.1795
1.325 0.1795
1.35 0.1795
end.
