begin.
-0.60211 1.00107
-0.599124 1.0018
-0.597205 1.00167
-0.595269 1.00077
-0.593401 1.00008
-0.591448 0.999936
-0.589598 0.999944
-0.587647 0.999937
-0.585792 0.999933
-0.583828 0.999934
-0.581988 0.999938
-0.580005 0.999946
-0.578198 0.99995
-0.576202 0.999947
-0.574405 0.99994
-0.572395 0.999928
-0.57059 0.999921
-0.568568 0.999911
-0.566769 0.999908
-0.564706 0.99992
-0.562965 0.999944
-0.560866 0.999957
-0.559217 0.999946
-0.557028 0.999929
-0.555449 0.999891
-0.553154 0.99989
-0.551565 0.999922
-0.54938 0.999939
-0.54768 0.999968
-0.545674 0.999974
-0.543854 0.999968
-0.541929 0.999971
-0.540056 0.999969
-0.53816 0.999975
-0.536277 0.999979
-0.534392 0.999985
-0.532511 0.999989
-0.530632 0.999993
-0.528754 0.999995
-0.526877 0.999997
-0.525001 0.999998
-0.523126 0.999999
-0.52125 0.999999
-0.519375 1
-0.5175 1
-0.515625 1
-0.51375 1
-0.511875 1
-0.51 1
-0.508125 1
-0.50625 1
-0.504375 1
-0.5025 1
-0.500625 1
-0.49875 1
-0.496875 1
-0.495 1
-0.493125 1
-0.49125 1
-0.489375 1
-0.4875 1
-0.485625 1
-0.48375 1
-0.481875 1
-0.48 1
-0.478125 1
-0.47625 1
-0.474375 1
-0.4725 1
-0.470625 1
-0.46875 1
-0.466875 1
-0.465 1
-0.463125 1
-0.46125 1
-0.459375 1
-0.4575 1
-0.455625 1
-0.45375 1
-0.451875 1
-0.45 1
-0.448125 1
-0.44625 1
-0.444375 1
-0.4425 1
-0.440625 1
-0.43875 1
-0.436875 1
-0.435 1
-0.433125 1
-0.43125 1
-0.429375 1
-0.4275 1
-0.425625 1
-0.42375 1
-0.421875 1
-0.42 1
-0.418125 1
-0.41625 1
-0.414375 1
-0.4125 1
-0.410625 1
-0.40875 1
-0.406875 1
-0.405 1
-0.403125 1
-0.40125 1
-0.399375 1
-0.3975 1
-0.395625 1
-0.39375 1
-0.391875 1
-0.39 1
-0.388125 1
-0.38625 1
-0.384375 1
-0.3825 1
-0.380625 1
-0.37875 1
-0.376875 1
-0.375 1
-0.373125 1
-0.37125 1
-0.369375 1
-0.3675 1
-0.365625 1
-0.36375 1
-0.361875 1
-0.36 1
-0.358125 1
-0.35625 1
-0.354375 1
-0.3525 1
-0.350625 1
-0.34875 1
-0.346875 1
-0.345 1
-0.343125 1
-0.34125 1
-0.339375 1
-0.3375 1
-0.335625 1
-0.33375 1
-0.331875 1
-0.33 1
-0.328125 1
-0.32625 1
-0.324375 1
-0.3225 1
-0.320625 1
-0.31875 1
-0.316875 1
-0.315 1
-0.313125 1
-0.31125 1
-0.309375 1
-0.3075 1
-0.305625 1
-0.30375 1
-0.301875 1
-0.3 1
-0.298125 1
-0.29625 1
-0.294375 1
-0.2925 1
-0.290625 1
-0.28875 1
-0.286875 1
-0.285 1
-0.283125 1
-0.28125 1
-0.279375 1
-0.2775 1
-0.275625 1
-0.27375 1
-0.271875 1
-0.27 1
-0.268125 1
-0.26625 1
-0.264375 1
-0.2625 1
-0.260625 1
-0.25875 1
-0.256875 1
-0.255 1
-0.253125 1
-0.25125 1
-0.249375 1
-0.2475 1
-0.245625 1
-0.24375 1
-0.241875 1
-0.24 1
-0.238125 1
-0.23625 1
-0.234375 1
-0.2325 1
-0.230625 1
-0.22875 1
-0.226875 1
-0.225 1
-0.223125 1
-0.22125 1
-0.219375 1
-0.2175 1
-0.215625 1
-0.21375 1
-0.211875 1
-0.21 1
-0.208125 1
-0.20625 1
-0.204375 1
-0.2025 1
-0.200625 1
-0.19875 1
-0.196875 1
-0.195 1
-0.193125 1
-0.19125 1
-0.189375 1
-0.1875 1
-0.185625 1
-0.18375 1
-0.181875 1
-0.18 1
-0.178125 1
-0.17625 1
-0.174375 1
-0.1725 1
-0.170625 1
-0.16875 1
-0.166875 1
-0.165 1
-0.163125 1
-0.16125 1
-0.159375 1
-0.1575 1
-0.155625 1
-0.15375 1
-0.151875 1
-0.15 1
-0.148125 1
-0.14625 1
-0.144375 1
-0.1425 1
-0.140625 1
-0.13875 1
-0.136875 1
-0.135 1
-0.133125 1
-0.13125 1
-0.129375 1
-0.1275 1
-0.125625 1
-0.12375 1
-0.121875 1
-0.12 1
-0.118125 1
-0.11625 1
-0.114375 1
-0.1125 1
-0.110625 1
-0.10875 1
-0.106875 1
-0.105 1
-0.103125 1
-0.10125 1
-0.099375 1
-0.0975 1
-0.095625 1
-0.09375 1
-0.091875 1
-0.09 1
-0.088125 1
-0.0862501 1
-0.0843752 1
-0.0825003 1
-0.0806256 1
-0.078751 1
-0.0768766 1
-0.0750023 1
-0.0731281 1
-0.0712536 1
-0.0693783 0.999997
-0.0675002 0.999991
-0.0656202 0.999981
-0.0637293 0.999966
-0.0618412 0.999944
-0.0599187 0.999907
-0.0580093 0.999823
-0.0559976 0.999675
-0.053913 0.999474
-0.0516616 0.999243
-0.0492635 0.999068
-0.0467831 0.998952
-0.0442193 0.998872
-0.0416063 0.998834
-0.0389789 0.998795
-0.0362946 0.998757
-0.0335911 0.998741
-0.0308743 0.998707
-0.0281024 0.998686
-0.0253359 0.998675
-0.0225442 0.998647
-0.0197178 0.998652
-0.0169323 0.998613
-0.0139961 0.998338
-0.0104797 0.998024
-0.00670415 0.998102
-0.00350036 0.998414
-0.000524883 0.998349
0.00294269 0.998122
0.00646361 0.99824
0.00960126 0.998282
0.0130591 0.998181
0.0164205 0.998262
0.0197098 0.998255
0.0231092 0.998271
0.0264199 0.998272
0.0299055 0.998806
0.0337145 0.179686
0.0392244 0.180563
0.0433531 0.180512
0.0490209 0.180418
0.0532604 0.180338
0.0587738 0.180277
0.0628683 0.180202
0.0686432 0.180032
0.0738243 0.179962
0.0782979 0.179873
0.0849758 0.180044
0.0881861 0.179952
0.0944545 0.179826
0.0977769 0.17974
0.105 0.1795
0.1125 0.1795
0.12 0.1795
0.1275 0.1795
0.135 0.1795
0.1425 0.1795
0.15 0.1795
0.1575 0.1795
0.165 0.1795
0.1725 0.1795
0.18 0.1795
0.1875 0.1795
0.195 0.1795
0.2025 0.1795
0.21 0.1795
0.2175 0.1795
0.225 0.1795
0.2325 0.1795
0.24 0.1795
0.2475 0.1795
0.255 0.1795
0.2625 0.1795
0.27 0.1795
0.2775 0.1795
0.285 0.1795
0.2925 0.1795
0.3 0.1795
0.3075 0.1795
0.315 0.1795
0.3225 0.1795
0.33 0.1795
0.3375 0.1795
0.345 0.1795
0.3525 0.1795
0.36 0.1795
0.3675 0.1795
0.375 0.1795
0.3825 0.1795
0.39 0.1795
0.3975 0.1795
0.405 0.1795
0.4125 0.1795
0.42 0.1795
0.4275 0.1795
0.435 0.1795
0.4425 0.1795
0.45 0.1795
0.4575 0.1795
0.465 0.1795
0.4725 0.1795
0.48 0.1795
0.4875 0.1795
0.495 0.1795
0.5025 0.1795
0.51 0.1795
0.5175 0.1795
0.525 0.1795
0.5325 0.1795
0.54 0.1795
0.5475 0.1795
0.555 0.1795
0.5625 0.1795
0.57 0.1795
0.5775 0.1795
0.585 0.1795
0.5925 0.1795
end.
