begin.
-0.09375 1
-0.0875 1
-0.08125 1
-0.075 1
-0.06875 1
-0.0625 1
-0.05625 1
-0.05 1
-0.04375 1
-0.0375 1
-0.03125 1
-0.025 1
-0.01875 1
-0.0125 1
-0.00625 1
1.4088e-18 1
0.00625 1
0.0125 1
0.01875 1
0.025 1
0.03125 1
0.0375 1
0.04375 1
0.05 1
0.05625 1
0.0625 1
0.06875 1
0.075 1
0.08125 1
0.0875 1
0.09375 1
0.1 1
0.10625 1
0.1125 1
0.11875 1
0.125 1
0.13125 1
0.1375 1
0.14375 1
0.15 1
0.15625 1
0.1625 1
0.16875 1
0.175 1
0.18125 1
0.1875 1
0.19375 1
0.2 1
0.20625 1
0.2125 1
0.21875 1
0.225 1
0.23125 1.00001
0.2375 1.00001
0.24375 1.00002
0.25 1.00004
0.25625 1.00005
0.262499 1.00005
0.268749 1.00003
0.274999 0.999941
0.281248 0.999708
0.287499 0.99921
0.293751 0.998258
0.300007 0.996582
0.306269 0.993812
0.312544 0.989478
0.318837 0.983057
0.325161 0.974041
0.331531 0.962
0.337962 0.946605
0.344472 0.927656
0.351084 0.905155
0.357824 0.879361
0.364717 0.850662
0.37178 0.819208
0.379033 0.784715
0.386512 0.746682
0.394278 0.705105
0.402396 0.660817
0.410909 0.615058
0.419868 0.569429
0.42935 0.526282
0.439386 0.490132
0.449937 0.468682
0.460719 0.472569
0.471256 0.503605
0.481007 0.553535
0.489771 0.591254
0.500769 0.537944
0.524413 0.175943
0.548525 0.225224
0.564032 0.435178
0.573629 0.490755
0.605577 0.458731
0.661755 0.482912
0.502479 0.0164439
0.580207 0.480032
0.610086 0.529294
0.621799 0.371991
0.653696 0.358194
0.675366 0.334871
0.695921 0.362559
0.708374 0.528224
0.717471 0.534415
0.729191 0.374331
0.750131 0.202762
0.774972 0.180038
0.799997 0.179387
0.825 0.179488
0.85 0.1795
0.875 0.1795
0.9 0.1795
0.925 0.1795
0.95 0.1795
0.975 0.1795
1 0.1795
1.025 0.1795
1.05 0.1795
1.075 0.1795
1.1 0.1795
1.125 0.1795
1.15 0.1795
1.175 0.1795
1.2 0.1795
1.225 0.1795
1.25 0.1795
1.275 0.1795
1.3 0.1795
1.325 0.1795
1.35 0.1795
end.
