begin.
-0.620363 1.00061
-0.601063 1.00268
-0.598144 1.00406
-0.596926 1.00269
-0.594473 1.00061
-0.593036 0.999914
-0.590692 0.999883
-0.589142 0.999868
-0.586841 0.999867
-0.585247 0.99987
-0.582985 0.999866
-0.581364 0.999859
-0.579104 0.999865
-0.577483 0.999869
-0.575241 0.999867
-0.573592 0.99987
-0.571384 0.999883
-0.569706 0.999904
-0.567568 0.999928
-0.565845 0.999952
-0.563819 0.999961
-0.562017 0.999965
-0.56007 0.999973
-0.558212 0.999973
-0.55632 0.999974
-0.55442 0.999965
-0.552558 0.999962
-0.550612 0.999961
-0.548795 0.999963
-0.546802 0.999961
-0.545036 0.999955
-0.542983 0.999947
-0.541263 0.999938
-0.53915 0.999927
-0.537466 0.999923
-0.5353 0.999929
-0.533673 0.999927
-0.531462 0.999928
-0.529864 0.999923
-0.52765 0.999906
-0.526014 0.999904
-0.523815 0.999906
-0.522181 0.999904
-0.519959 0.999911
-0.518366 0.99991
-0.51611 0.999911
-0.514537 0.999925
-0.512278 0.999932
-0.510745 0.999914
-0.508438 0.999908
-0.506905 0.999902
-0.504625 0.999899
-0.502996 0.999928
-0.500868 0.999925
-0.499139 0.999913
-0.497055 0.999915
-0.495306 0.999906
-0.493221 0.999917
-0.491451 0.999941
-0.489444 0.999959
-0.487626 0.999979
-0.485701 0.999994
-0.483851 0.999998
-0.481961 1
-0.480096 0.999995
-0.478212 0.99999
-0.476335 0.999984
-0.474449 0.999981
-0.472566 0.999978
-0.47068 0.999978
-0.468795 0.999979
-0.466911 0.999982
-0.465028 0.999984
-0.463146 0.999987
-0.461265 0.99999
-0.459386 0.999992
-0.457508 0.999994
-0.45563 0.999996
-0.453753 0.999997
-0.451877 0.999998
-0.450001 0.999999
-0.448126 0.999999
-0.446251 0.999999
-0.444375 1
-0.4425 1
-0.440625 1
-0.43875 1
-0.436875 1
-0.435 1
-0.433125 1
-0.43125 1
-0.429375 1
-0.4275 1
-0.425625 1
-0.42375 1
-0.421875 1
-0.42 1
-0.418125 1
-0.41625 1
-0.414375 1
-0.4125 1
-0.410625 1
-0.40875 1
-0.406875 1
-0.405 1
-0.403125 1
-0.40125 1
-0.399375 1
-0.3975 1
-0.395625 1
-0.39375 1
-0.391875 1
-0.39 1
-0.388125 1
-0.38625 1
-0.384375 1
-0.3825 1
-0.380625 1
-0.37875 1
-0.376875 1
-0.375 1
-0.373125 1
-0.37125 1
-0.369375 1
-0.3675 1
-0.365625 1
-0.36375 1
-0.361875 1
-0.36 1
-0.358125 1
-0.35625 1
-0.354375 1
-0.3525 1
-0.350625 1
-0.34875 1
-0.346875 1
-0.345 1
-0.343125 1
-0.34125 1
-0.339375 1
-0.3375 1
-0.335625 1
-0.33375 1
-0.331875 1
-0.33 1
-0.328125 1
-0.32625 1
-0.324375 1
-0.3225 1
-0.320625 1
-0.31875 1
-0.316875 1
-0.315 1
-0.313125 1
-0.31125 1
-0.309375 1
-0.3075 1
-0.305625 1
-0.30375 1
-0.301875 1
-0.3 1
-0.298125 1
-0.29625 1
-0.294375 1
-0.2925 1
-0.290625 1
-0.28875 1
-0.286875 1
-0.285 1
-0.283125 1
-0.28125 1
-0.279375 1
-0.2775 1
-0.275625 1
-0.27375 1
-0.271875 1
-0.27 1
-0.268125 1
-0.26625 1
-0.264375 1
-0.2625 1
-0.260625 1
-0.25875 1
-0.256875 1
-0.255 1
-0.253125 1
-0.25125 1
-0.249375 1
-0.2475 1
-0.245625 1
-0.24375 1
-0.241875 1
-0.24 1
-0.238125 1
-0.23625 1
-0.234375 1
-0.2325 1
-0.230625 1
-0.22875 1
-0.226875 1
-0.225 1
-0.223125 1
-0.22125 1
-0.219375 1
-0.2175 1
-0.215625 1
-0.21375 1
-0.211875 1
-0.21 1
-0.208125 1
-0.20625 1
-0.204375 1
-0.2025 1
-0.200625 1
-0.19875 1
-0.196875 1
-0.195 1
-0.193125 1
-0.19125 1
-0.189375 1
-0.1875 1
-0.185625 1
-0.18375 1
-0.181875 1
-0.18 1
-0.178125 1
-0.17625 1
-0.174375 1
-0.1725 1
-0.170625 1
-0.16875 1
-0.166875 1
-0.165 1
-0.163125 1
-0.16125 1
-0.159375 1
-0.1575 1
-0.155625 1
-0.15375 1
-0.151876 1
-0.150001 1
-0.148126 1
-0.14625 0.999999
-0.144375 0.999998
-0.142498 0.999996
-0.14062 0.999993
-0.138741 0.999988
-0.136859 0.999983
-0.134974 0.999976
-0.133087 0.999968
-0.131193 0.999959
-0.129299 0.999949
-0.12739 0.999937
-0.125492 0.999923
-0.123561 0.999906
-0.121658 0.999865
-0.119684 0.999778
-0.117688 0.999631
-0.115548 0.999426
-0.113282 0.999234
-0.110907 0.999086
-0.108444 0.998993
-0.10594 0.99895
-0.103417 0.998919
-0.100866 0.998898
-0.0983054 0.998887
-0.0957357 0.998867
-0.0931407 0.998851
-0.0905388 0.998839
-0.0879236 0.998819
-0.0852833 0.998804
-0.0826383 0.998793
-0.0799766 0.998773
-0.0772933 0.998762
-0.0746078 0.998751
-0.0719026 0.998733
-0.0691815 0.998726
-0.0664592 0.998714
-0.0637146 0.9987
-0.0609616 0.998694
-0.0582055 0.998682
-0.0554265 0.998672
-0.0526473 0.998668
-0.0498598 0.998655
-0.047054 0.99865
-0.0442549 0.998647
-0.041443 0.998638
-0.0386253 0.998643
-0.0358217 0.998643
-0.0330065 0.998648
-0.0302072 0.99858
-0.027206 0.998265
-0.023557 0.998007
-0.0199246 0.998239
-0.0169622 0.998513
-0.0139736 0.998299
-0.0103583 0.99805
-0.00677755 0.998233
-0.00370729 0.99838
-0.000459866 0.998196
0.00313351 0.998156
0.00642909 0.998301
0.00963336 0.998237
0.0131479 0.998169
0.0164975 0.998264
0.0197442 0.998231
0.0232164 0.998206
0.0265065 0.998258
0.02984 0.99821
0.0332619 0.998239
0.0365268 0.998229
0.039977 0.998209
0.0432803 0.998243
0.046664 0.998226
0.0500175 0.998234
0.0533524 0.998245
0.0567288 0.998256
0.0600459 0.998273
0.0634693 0.998414
0.066669 0.999394
0.0711695 0.180419
0.07558 0.181539
0.0809518 0.181527
0.0853945 0.181448
0.090865 0.181381
0.0951599 0.181301
0.100437 0.181204
0.104982 0.18113
0.110169 0.181047
0.114792 0.180964
0.120492 0.180932
0.124582 0.180849
0.13008 0.180748
0.134365 0.18069
0.139206 0.180579
0.144185 0.180482
0.149605 0.180428
0.154003 0.18035
0.159772 0.180312
0.163807 0.18025
0.168679 0.180108
0.173607 0.180017
0.180925 0.180223
0.18436 0.180134
0.190763 0.179837
0.196559 0.179838
0.200454 0.179788
0.205121 0.179618
0.209999 0.1795
0.2175 0.1795
0.225 0.1795
0.2325 0.1795
0.24 0.1795
0.2475 0.1795
0.255 0.1795
0.2625 0.1795
0.27 0.1795
0.2775 0.1795
0.285 0.1795
0.2925 0.1795
0.3 0.1795
0.3075 0.1795
0.315 0.1795
0.3225 0.1795
0.33 0.1795
0.3375 0.1795
0.345 0.1795
0.3525 0.1795
0.36 0.1795
0.3675 0.1795
0.375 0.1795
0.3825 0.1795
0.39 0.1795
0.3975 0.1795
0.405 0.1795
0.4125 0.1795
0.42 0.1795
0.4275 0.1795
0.435 0.1795
0.4425 0.1795
0.45 0.1795
0.4575 0.1795
0.465 0.1795
0.4725 0.1795
0.48 0.1795
0.4875 0.1795
0.495 0.1795
0.5025 0.1795
0.51 0.1795
0.5175 0.1795
0.525 0.1795
0.5325 0.1795
0.54 0.1795
0.5475 0.1795
0.555 0.1795
0.5625 0.1795
0.57 0.1795
0.5775 0.1795
0.585 0.1795
0.5925 0.1795
end.
