begin.
-0.712502 1.00061
-0.698426 1.00058
-0.61512 0.98694
-0.599536 0.997448
-0.597586 0.995501
-0.595432 1.00105
-0.593629 0.999561
-0.591553 0.999984
-0.589848 0.999912
-0.587683 0.999908
-0.586037 0.999907
-0.583827 0.999902
-0.58221 0.999897
-0.579971 0.999892
-0.57836 0.999897
-0.576112 0.999914
-0.574537 0.999909
-0.572293 0.999882
-0.570653 0.999886
-0.56844 0.999912
-0.56681 0.99992
-0.564639 0.999901
-0.562942 0.999892
-0.560802 0.999912
-0.559076 0.999945
-0.557034 0.999951
-0.555256 0.999934
-0.553252 0.99992
-0.551401 0.999931
-0.549452 0.999952
-0.547593 0.999958
-0.54567 0.999972
-0.543795 0.999995
-0.541933 0.999997
-0.540043 0.99997
-0.538157 0.999964
-0.536243 0.999966
-0.534403 0.999955
-0.532424 0.999932
-0.530625 0.999907
-0.528559 0.999885
-0.526797 0.999871
-0.524647 0.999876
-0.522965 0.999868
-0.520755 0.999854
-0.51909 0.999855
-0.516846 0.999873
-0.515225 0.999885
-0.512995 0.999882
-0.511363 0.999874
-0.509135 0.999871
-0.507459 0.999885
-0.505302 0.999902
-0.50359 0.999921
-0.501504 0.999929
-0.499741 0.999928
-0.49772 0.999934
-0.495886 0.99995
-0.493963 0.999951
-0.492064 0.999933
-0.490167 0.999942
-0.48822 0.999967
-0.486424 0.999966
-0.484423 0.999934
-0.482631 0.999923
-0.480561 0.999936
-0.478859 0.999936
-0.476721 0.999931
-0.475065 0.999927
-0.472887 0.999917
-0.47125 0.999911
-0.469039 0.99991
-0.467433 0.999904
-0.465182 0.999908
-0.463601 0.999915
-0.461353 0.999918
-0.459764 0.999926
-0.457542 0.999926
-0.455944 0.999916
-0.453713 0.999918
-0.452106 0.999924
-0.44991 0.999909
-0.448261 0.999894
-0.446063 0.999889
-0.444411 0.999897
-0.442192 0.999919
-0.440599 0.999925
-0.438368 0.999912
-0.436777 0.999909
-0.434513 0.999935
-0.432953 0.999972
-0.430743 0.999975
-0.429196 0.999938
-0.426939 0.999914
-0.425337 0.999933
-0.423149 0.99993
-0.42152 0.999909
-0.419309 0.999901
-0.417686 0.999905
-0.415457 0.999913
-0.413864 0.999912
-0.411623 0.999901
-0.41003 0.999879
-0.407766 0.999863
-0.406132 0.999864
-0.403911 0.999874
-0.402227 0.999896
-0.400098 0.999917
-0.398344 0.999957
-0.396346 0.999981
-0.394554 0.999978
-0.392592 0.99998
-0.390772 0.99997
-0.388839 0.999961
-0.386953 0.999969
-0.385086 0.999969
-0.383164 0.999964
-0.381299 0.999963
-0.379395 0.999951
-0.377491 0.999948
-0.375601 0.999954
-0.373696 0.999961
-0.371809 0.999974
-0.369923 0.999981
-0.368045 0.99998
-0.36615 0.999974
-0.364281 0.999962
-0.362362 0.999951
-0.360486 0.999944
-0.358564 0.999941
-0.356673 0.999945
-0.354769 0.999951
-0.352869 0.99996
-0.350984 0.999968
-0.349088 0.999974
-0.347209 0.999978
-0.345319 0.999977
-0.343437 0.999973
-0.341547 0.999968
-0.339657 0.999963
-0.337765 0.99996
-0.335869 0.999958
-0.333975 0.999958
-0.33208 0.999961
-0.330187 0.999964
-0.328296 0.999969
-0.326408 0.999974
-0.324521 0.999979
-0.322637 0.999983
-0.320755 0.999985
-0.318874 0.999986
-0.316992 0.999985
-0.31511 0.999982
-0.313226 0.999979
-0.31134 0.999975
-0.309453 0.999971
-0.307563 0.999966
-0.305671 0.999962
-0.303778 0.999959
-0.301882 0.999955
-0.299985 0.999952
-0.298087 0.999949
-0.296186 0.999946
-0.294286 0.999944
-0.292382 0.999941
-0.290482 0.99994
-0.288572 0.999938
-0.286679 0.999939
-0.284755 0.99994
-0.282887 0.999947
-0.280934 0.999948
-0.279125 0.999952
-0.27709 0.999942
-0.275385 0.999894
-0.273178 0.99986
-0.271518 0.999789
-0.269242 0.999703
-0.26739 0.999653
-0.265234 0.999446
-0.262964 0.999316
-0.260727 0.999178
-0.258274 0.999017
-0.255774 0.999014
-0.253353 0.998961
-0.250782 0.998915
-0.248258 0.998962
-0.245794 0.998925
-0.243203 0.998911
-0.240698 0.998956
-0.238206 0.998908
-0.235612 0.998913
-0.233113 0.998938
-0.230586 0.998891
-0.227991 0.998904
-0.225483 0.998914
-0.222921 0.99887
-0.220323 0.99889
-0.217794 0.998884
-0.215199 0.99885
-0.212595 0.99887
-0.21004 0.998856
-0.207415 0.99883
-0.204804 0.998849
-0.202218 0.998827
-0.19957 0.998812
-0.196947 0.998826
-0.194331 0.998802
-0.191664 0.998795
-0.189029 0.998804
-0.186383 0.998779
-0.183701 0.99878
-0.181052 0.998782
-0.178378 0.99876
-0.175683 0.998765
-0.173017 0.998761
-0.170318 0.998743
-0.167613 0.99875
-0.164927 0.99874
-0.162207 0.998729
-0.159493 0.998735
-0.156786 0.998722
-0.154048 0.998716
-0.151326 0.99872
-0.148597 0.998705
-0.145845 0.998705
-0.143111 0.998704
-0.140361 0.998691
-0.137599 0.998693
-0.134852 0.998689
-0.132083 0.998678
-0.129313 0.998682
-0.126551 0.998674
-0.123766 0.998668
-0.120989 0.998671
-0.118209 0.998661
-0.115412 0.998659
-0.112627 0.998659
-0.109831 0.99865
-0.107026 0.998651
-0.104231 0.998648
-0.101421 0.998641
-0.0986111 0.998645
-0.095807 0.99864
-0.0929881 0.998638
-0.0901789 0.998642
-0.0873704 0.998639
-0.0845547 0.998643
-0.0817546 0.998648
-0.0789498 0.998645
-0.0761434 0.998649
-0.0733464 0.998647
-0.0705361 0.998642
-0.0677288 0.998646
-0.0649256 0.998647
-0.0621167 0.998572
-0.0591129 0.998286
-0.0555541 0.998083
-0.052095 0.998301
-0.049134 0.998381
-0.0457929 0.998087
-0.0419942 0.998102
-0.0387857 0.998447
-0.0358976 0.998393
-0.0324155 0.998066
-0.0286688 0.998168
-0.0255469 0.998456
-0.022536 0.998322
-0.018952 0.998091
-0.0153906 0.998272
-0.0123374 0.99841
-0.0090808 0.998202
-0.0054303 0.998161
-0.00213628 0.998352
0.000999027 0.998294
0.00451651 0.998168
0.00794616 0.998292
0.0111057 0.998319
0.0145103 0.998198
0.017985 0.998247
0.021223 0.9983
0.0245797 0.998222
0.0280328 0.99824
0.0313101 0.998284
0.0346584 0.998228
0.0380927 0.998238
0.0413885 0.998271
0.0447452 0.998234
0.048142 0.998251
0.0514361 0.998254
0.0548378 0.998223
0.0582069 0.998257
0.0615055 0.998245
0.0649212 0.998229
0.0682485 0.998246
0.0716213 0.998223
0.0750053 0.998256
0.0782824 0.998245
0.0817121 0.998225
0.0850266 0.998252
0.0883849 0.998215
0.0918057 0.998239
0.095086 0.998244
0.0984993 0.998238
0.101787 0.998257
0.105162 0.998215
0.108553 0.99823
0.111883 0.998239
0.11526 0.998228
0.11861 0.998219
0.122008 0.99824
0.125315 0.99823
0.12873 0.998228
0.132037 0.998253
0.135396 0.99825
0.138723 0.998245
0.142074 0.998243
0.145444 0.998253
0.14879 0.99825
0.15228 0.998665
0.15531 1.00099
0.160239 0.182463
0.163794 0.184227
0.170001 0.184279
0.173759 0.184202
0.179821 0.18412
0.183592 0.184038
0.189703 0.183968
0.193423 0.183888
0.199383 0.183819
0.20305 0.183738
0.209198 0.183654
0.212887 0.183574
0.218973 0.183483
0.222708 0.183401
0.228613 0.183299
0.232462 0.18322
0.238586 0.183174
0.242272 0.183092
0.24841 0.183001
0.252141 0.182918
0.258143 0.182823
0.261932 0.18274
0.26777 0.182633
0.27168 0.182551
0.277757 0.182504
0.281491 0.182423
0.287555 0.182331
0.291344 0.182251
0.297027 0.182128
0.301081 0.182055
0.307575 0.182115
0.311013 0.182034
0.316836 0.181851
0.320699 0.181779
0.325949 0.181625
0.33052 0.181553
0.337213 0.181698
0.340566 0.181618
0.346479 0.181438
0.350175 0.181362
0.355806 0.181209
0.35994 0.181174
0.364535 0.181045
0.369731 0.180938
0.376326 0.181063
0.379806 0.180989
0.385648 0.18082
0.389477 0.180746
0.394676 0.180579
0.399194 0.180497
0.405904 0.180633
0.40928 0.180554
0.41477 0.180313
0.418833 0.18024
0.424551 0.180158
0.428647 0.180084
0.436118 0.180026
0.443428 0.180232
0.446873 0.180146
0.453271 0.179851
0.459057 0.179848
0.462974 0.179765
0.469754 0.17989
0.472938 0.1798
0.48 0.1795
0.4875 0.1795
0.495 0.1795
0.5025 0.1795
0.51 0.1795
0.5175 0.1795
0.525 0.1795
0.5325 0.1795
0.54 0.1795
0.5475 0.1795
0.555 0.1795
0.5625 0.1795
0.57 0.1795
0.5775 0.1795
0.585 0.1795
0.5925 0.1795
end.
