begin.
-0.878907 1.00073
-0.80601 1.00068
-1.16474 0.987094
-0.72772 0.990529
-0.602965 0.888272
-0.598312 0.956067
-0.596891 0.935976
-0.594875 0.992269
-0.593072 0.999017
-0.591028 0.999957
-0.589312 0.999947
-0.587221 0.999918
-0.585494 0.999907
-0.583371 0.999921
-0.581655 0.999955
-0.579586 0.999964
-0.577868 0.999956
-0.575791 0.999949
-0.574073 0.999939
-0.571992 0.999924
-0.570239 0.9999
-0.56817 0.999896
-0.566334 0.99992
-0.56441 0.999919
-0.562441 0.999905
-0.560635 0.999883
-0.558522 0.999873
-0.556814 0.999859
-0.55459 0.999867
-0.552956 0.999879
-0.550727 0.999863
-0.549085 0.999847
-0.546807 0.999862
-0.545198 0.999878
-0.542955 0.999877
-0.541334 0.999863
-0.539083 0.999866
-0.537397 0.999907
-0.535293 0.999936
-0.53354 0.999961
-0.531543 0.99997
-0.52973 0.999956
-0.527773 0.999961
-0.525911 0.999967
-0.524036 0.999943
-0.522075 0.999929
-0.520217 0.999959
-0.518267 0.999975
-0.516473 0.999955
-0.514455 0.999931
-0.512675 0.999924
-0.510604 0.999932
-0.508869 0.999954
-0.506788 0.999963
-0.505119 0.999932
-0.50296 0.999896
-0.50127 0.999897
-0.4991 0.999912
-0.497449 0.999918
-0.495254 0.999925
-0.493634 0.99993
-0.491434 0.999922
-0.489818 0.999911
-0.487584 0.999907
-0.486004 0.999875
-0.483715 0.999853
-0.482085 0.999876
-0.479865 0.999894
-0.478217 0.999898
-0.476028 0.999891
-0.474366 0.999881
-0.472152 0.999894
-0.470515 0.999915
-0.468312 0.999927
-0.466709 0.999907
-0.464479 0.999882
-0.462835 0.999888
-0.460622 0.99989
-0.458999 0.999867
-0.456718 0.999876
-0.455147 0.999869
-0.452867 0.999837
-0.451184 0.99984
-0.449016 0.999819
-0.447245 0.999763
-0.445056 0.999741
-0.443166 0.999776
-0.441154 0.99977
-0.43911 0.999772
-0.437272 0.99971
-0.434992 0.999721
-0.433267 0.999708
-0.43098 0.999641
-0.429093 0.999575
-0.426883 0.999327
-0.424496 0.999253
-0.422315 0.999123
-0.419716 0.999061
-0.417428 0.999116
-0.414994 0.999032
-0.412521 0.999033
-0.410108 0.999006
-0.407598 0.998952
-0.40509 0.998924
-0.402527 0.998947
-0.400072 0.998909
-0.39744 0.998896
-0.39495 0.998916
-0.392375 0.998888
-0.38982 0.998942
-0.387347 0.998883
-0.384692 0.998877
-0.382182 0.998935
-0.379657 0.998855
-0.376991 0.998854
-0.374467 0.998882
-0.37187 0.998846
-0.369252 0.998932
-0.366816 0.998892
-0.364147 0.998853
-0.3616 0.998907
-0.359055 0.998849
-0.356393 0.998898
-0.353928 0.998916
-0.351328 0.998816
-0.348648 0.998904
-0.346217 0.998842
-0.343431 0.998798
-0.340886 0.998894
-0.338316 0.998776
-0.335527 0.99881
-0.333004 0.998814
-0.330255 0.998756
-0.327591 0.998833
-0.32499 0.99877
-0.322227 0.998783
-0.319621 0.998829
-0.316978 0.998759
-0.314218 0.998737
-0.311538 0.998812
-0.308942 0.998741
-0.306111 0.99875
-0.30353 0.998783
-0.30078 0.998718
-0.298054 0.998772
-0.295405 0.998752
-0.292677 0.998705
-0.289899 0.998773
-0.287315 0.998763
-0.284528 0.998704
-0.281818 0.998737
-0.279105 0.998686
-0.276286 0.998726
-0.273636 0.998749
-0.270893 0.998673
-0.268076 0.998717
-0.265414 0.998723
-0.262618 0.998696
-0.259897 0.998751
-0.257215 0.998677
-0.254356 0.998666
-0.251626 0.998709
-0.248867 0.99866
-0.246035 0.998693
-0.243335 0.998694
-0.240519 0.99863
-0.237684 0.998688
-0.234971 0.998674
-0.232128 0.998667
-0.229381 0.998723
-0.226669 0.998671
-0.223819 0.998666
-0.221084 0.998686
-0.218282 0.998626
-0.215424 0.998672
-0.212699 0.99867
-0.209859 0.998638
-0.207054 0.998684
-0.204314 0.998654
-0.201452 0.998651
-0.198697 0.998698
-0.195936 0.998659
-0.193111 0.998684
-0.190388 0.998674
-0.187561 0.998624
-0.184723 0.998651
-0.181948 0.998627
-0.179066 0.998617
-0.176262 0.998659
-0.17347 0.998626
-0.170609 0.998638
-0.167829 0.998637
-0.164977 0.998594
-0.1621 0.998616
-0.15929 0.998605
-0.156397 0.998589
-0.153547 0.998625
-0.15073 0.998605
-0.147848 0.998612
-0.145036 0.998629
-0.142199 0.9986
-0.139326 0.998615
-0.136515 0.998617
-0.133652 0.998597
-0.130797 0.998625
-0.127989 0.998616
-0.125123 0.998609
-0.122293 0.998632
-0.119477 0.998617
-0.11662 0.998624
-0.113814 0.998639
-0.110994 0.998623
-0.108156 0.998637
-0.105361 0.998637
-0.102528 0.998622
-0.099699 0.998638
-0.0968985 0.998636
-0.0940623 0.998527
-0.0909734 0.99822
-0.0873134 0.998036
-0.0838138 0.998262
-0.080786 0.998335
-0.0774062 0.998116
-0.0737958 0.998189
-0.0706579 0.99832
-0.0673664 0.998131
-0.0636582 0.998139
-0.0604623 0.998432
-0.0575175 0.998331
-0.0539205 0.99804
-0.0502262 0.998237
-0.0472342 0.998507
-0.0441853 0.998275
-0.0404628 0.998071
-0.0369723 0.998359
-0.0340465 0.998471
-0.0307488 0.998175
-0.0270038 0.998168
-0.0237716 0.998432
-0.0207313 0.998345
-0.0171687 0.998145
-0.0136432 0.998306
-0.0105586 0.998409
-0.00724976 0.998227
-0.00364853 0.998219
-0.00038488 0.998383
0.00278584 0.998312
0.00630101 0.9982
0.00972554 0.998319
0.0129011 0.998342
0.0163112 0.998223
0.019793 0.998284
0.0230081 0.998346
0.0263505 0.998246
0.029843 0.998263
0.0331055 0.998338
0.0364087 0.998267
0.0398773 0.998254
0.0431906 0.998309
0.0465104 0.998268
0.0499439 0.99827
0.0532389 0.998315
0.0565564 0.998265
0.0599968 0.998255
0.0633225 0.998289
0.0666705 0.998253
0.0700981 0.998263
0.0734026 0.998295
0.0767482 0.998259
0.0801508 0.998269
0.0834571 0.998284
0.0868226 0.998266
0.0901708 0.998288
0.0934764 0.998263
0.0969001 0.998241
0.100247 0.99827
0.103594 0.998249
0.107 0.998264
0.110291 0.998284
0.113649 0.998262
0.116997 0.998256
0.120372 0.998207
0.123858 0.998211
0.1272 0.99825
0.130582 0.998261
0.133885 0.998306
0.137153 0.998259
0.140604 0.99823
0.143921 0.998276
0.147242 0.998279
0.150563 0.998247
0.153976 0.998185
0.157459 0.99823
0.160727 0.998286
0.164069 0.998254
0.167426 0.998242
0.170794 0.998252
0.174118 0.998247
0.177505 0.998219
0.180899 0.99822
0.184283 0.998196
0.187741 0.998236
0.191004 0.998264
0.194398 0.998245
0.197708 0.998262
0.201053 0.99823
0.204458 0.998243
0.207756 0.998249
0.211156 0.998187
0.214617 0.998202
0.217974 0.998231
0.221342 0.998281
0.224563 0.998312
0.227882 0.99823
0.231341 0.998229
0.234615 0.998279
0.237992 0.998252
0.241364 0.998278
0.244818 0.99862
0.24869 1.00277
0.252117 0.184542
0.257699 0.186877
0.26162 0.187094
0.267194 0.186994
0.271276 0.186917
0.277542 0.186904
0.281198 0.186821
0.28679 0.186639
0.291125 0.186552
0.29647 0.186515
0.300441 0.186439
0.306137 0.186315
0.31045 0.186234
0.316591 0.186192
0.320587 0.186104
0.325728 0.185953
0.330246 0.18587
0.335556 0.185863
0.339478 0.185786
0.345374 0.185623
0.349947 0.185535
0.355273 0.18548
0.359556 0.185397
0.364695 0.185382
0.368522 0.185302
0.374598 0.185254
0.378216 0.185176
0.385109 0.184946
0.389896 0.184893
0.394229 0.184832
0.398803 0.18472
0.404226 0.184722
0.408141 0.184648
0.413812 0.184644
0.417286 0.184572
0.423868 0.184365
0.428247 0.184288
0.433445 0.184291
0.437275 0.184213
0.443416 0.184133
0.447226 0.184053
0.453375 0.183886
0.457796 0.183802
0.462983 0.183799
0.466858 0.183721
0.472789 0.1836
0.476928 0.183521
0.482537 0.183508
0.486245 0.183466
0.490377 0.183777
0.493052 0.184046
0.495741 0.183492
0.50045 0.183311
0.503594 0.183178
0.508086 0.183453
0.51064 0.183491
0.516432 0.183568
0.51866 0.1834
0.522694 0.1828
0.526451 0.182735
0.530725 0.182704
0.534212 0.18284
0.537822 0.182819
0.541345 0.183191
0.543713 0.182792
0.547178 0.182952
0.549458 0.182846
0.558797 0.182253
0.555145 0.18254
0.562846 0.183013
0.564492 0.182912
0.568802 0.182498
0.57928 0.183315
0.576194 0.183529
0.582132 0.182579
0.573956 0.182629
0.586158 0.182004
0.589157 0.182051
0.593398 0.182749
0.596816 0.181771
end.
