begin.
-0.09375 1
-0.0875 1
-0.08125 1
-0.075 1
-0.06875 1
-0.0625 1
-0.05625 1
-0.05 1
-0.04375 1
-0.0375 1
-0.03125 1
-0.025 1
-0.01875 1
-0.0125 1
-0.00625 1
-0.0002058 1.00907
0.00609044 0.956994
0.0124053 0.977978
0.0192724 1.01633
0.0254278 0.999149
0.0313031 1.04482
0.0371811 1.01153
0.0435002 1.03962
0.0496758 1.0665
0.0555128 1.01851
0.0615145 1.02939
0.0675691 1.03226
0.073988 0.965907
0.0805431 0.97768
0.0870093 0.935607
0.0934368 0.971027
0.0998179 1.01139
0.106023 0.982149
0.112201 1.01515
0.118361 1.04061
0.124519 0.990362
0.130709 1.00203
0.137152 0.943331
0.143558 0.953433
0.149947 0.962218
0.156611 0.90344
0.163172 0.913
0.1699 0.921444
0.176785 0.862573
0.183489 0.867388
0.190453 0.867103
0.197743 0.801051
0.204967 0.804495
0.21234 0.810323
0.219901 0.753566
0.227477 0.761789
0.235028 0.764554
0.242824 0.695196
0.250937 0.685035
0.2593 0.612745
0.268017 0.606751
0.276834 0.602669
0.285893 0.537588
0.295401 0.535298
0.304984 0.533882
0.314815 0.470833
0.325223 0.46888
0.335792 0.473144
0.346458 0.420565
0.357513 0.423923
0.368785 0.428217
0.380334 0.378358
0.392201 0.390189
0.404002 0.41697
0.41573 0.433026
0.426117 0.573935
0.434233 0.706151
0.441043 0.701551
0.447492 0.671463
0.455963 0.554193
0.468172 0.345031
0.482246 0.28104
0.496967 0.251975
0.514318 0.166464
0.534851 0.223566
0.553288 0.451454
0.570221 0.252459
0.58562 0.26535
0.595234 0.296034
0.612642 0.434642
0.624136 0.648551
0.631886 0.494139
0.655623 0.246227
0.667325 0.366287
0.549266 0.339956
0.665612 0.334048
0.701264 0.241941
0.795307 0.0461622
0.621311 0.156736
-0.292446 -0.105476
0.748822 0.521111
1.92197 0.169465
0.704103 0.367791
0.839632 0.269882
0.770098 0.277173
0.716266 0.183615
0.778821 0.228545
0.826483 0.192006
0.867804 0.447104
0.854113 0.26838
0.876144 0.352987
0.895117 0.285364
0.935441 0.473792
0.907267 0.293179
0.929755 0.483776
0.925082 0.653004
0.96032 0.0736649
0.98952 0.510466
1.00868 0.725634
1.00108 1.06498
1 0.1795
1.025 0.1795
1.05 0.1795
1.075 0.1795
1.1 0.1795
1.125 0.1795
1.15 0.1795
1.175 0.1795
1.2 0.1795
1.225 0.1795
1.25 0.1795
1.275 0.1795
1.3 0.1795
1.325 0.1795
1.35 0.1795
end.
