begin.
-0.09375 1
-0.0875 1
-0.08125 1
-0.075 1
-0.06875 1
-0.0625 1
-0.05625 1
-0.05 1
-0.04375 1
-0.0375 1
-0.03125 1
-0.025 1
-0.01875 1
-0.0125 1
-0.00625 1
-7.70737e-05 1.02125
0.00631979 0.991122
0.0125873 1.03104
0.0182419 1.05779
0.0242688 1.00146
0.0304086 1.00664
0.0370688 0.951798
0.0436729 0.985931
0.0498938 1.03181
0.0558299 1.00536
0.061888 1.03768
0.0681003 1.06363
0.0742645 1.01915
0.0801948 1.03858
0.0863218 0.98361
0.0925014 0.993054
0.0988145 1.0004
0.105334 0.943486
0.111719 0.957934
0.118261 0.973132
0.124792 0.921351
0.131312 0.934392
0.138042 0.878741
0.144748 0.889607
0.151458 0.897731
0.158452 0.837794
0.165378 0.844369
0.172411 0.85028
0.179743 0.792919
0.187025 0.804164
0.194255 0.814206
0.201721 0.756779
0.209329 0.763045
0.216846 0.765891
0.224613 0.699704
0.232786 0.695849
0.240886 0.691901
0.249343 0.622814
0.258082 0.615856
0.26709 0.549537
0.276336 0.547876
0.28586 0.547888
0.295488 0.487431
0.305533 0.484986
0.31587 0.484014
0.326499 0.428522
0.337395 0.43265
0.348405 0.435872
0.359955 0.386567
0.371609 0.401095
0.382992 0.414268
0.394962 0.385613
0.406596 0.473377
0.416348 0.617314
0.424313 0.678594
0.430871 0.727899
0.437561 0.692204
0.446232 0.519994
0.458036 0.386122
0.470954 0.315537
0.485857 0.229148
0.502537 0.222992
0.518884 0.274507
0.536034 0.414175
0.55583 0.224742
0.575937 0.226681
0.588916 0.235647
0.604396 0.413292
0.614513 0.653515
0.616592 0.61087
0.638951 0.259162
0.664923 0.536227
0.656681 0.346962
0.691543 0.300933
0.535543 0.338059
0.665628 0.364419
0.73589 0.0656175
0.797585 0.247346
0.622331 0.111751
-0.340538 -0.105476
0.778613 0.204577
2.01879 0.169465
0.689513 0.255376
0.862529 0.223409
0.784 0.424979
0.721099 0.0958476
0.813277 0.321018
0.815499 0.262557
0.869155 0.472825
0.883634 0.328542
0.90096 0.488252
0.90111 0.493839
0.991614 0.329759
0.921486 0.298962
0.94104 0.266674
0.933771 0.469288
0.959089 0.133341
0.978296 0.387103
1.05723 0.422417
1.01983 0.450843
1 0.1795
1.025 0.1795
1.05 0.1795
1.075 0.1795
1.1 0.1795
1.125 0.1795
1.15 0.1795
1.175 0.1795
1.2 0.1795
1.225 0.1795
1.25 0.1795
1.275 0.1795
1.3 0.1795
1.325 0.1795
1.35 0.1795
end.
