begin.
-0.6375 1
-0.635625 1
-0.63375 1
-0.631875 1
-0.63 1
-0.628125 1
-0.62625 1
-0.624375 1
-0.6225 1
-0.620625 1
-0.61875 1
-0.616875 1
-0.615 1
-0.613125 1
-0.61125 1
-0.609375 1
-0.6075 1
-0.605625 1
-0.60375 1
-0.601875 1
-0.6 1
-0.598125 1
-0.59625 1
-0.594375 1
-0.5925 1
-0.590625 1
-0.58875 1
-0.586875 1
-0.585 1
-0.583125 1
-0.58125 1
-0.579375 1
-0.5775 1
-0.575625 1
-0.57375 1
-0.571875 1
-0.57 1
-0.568125 1
-0.56625 1
-0.564375 1
-0.5625 1
-0.560625 1
-0.55875 1
-0.556875 1
-0.555 1
-0.553125 1
-0.55125 1
-0.549375 1
-0.5475 1
-0.545625 1
-0.54375 1
-0.541875 1
-0.54 1
-0.538125 1
-0.53625 1
-0.534375 1
-0.5325 1
-0.530625 1
-0.52875 1
-0.526875 1
-0.525 1
-0.523125 1
-0.52125 1
-0.519375 1
-0.5175 1
-0.515625 1
-0.51375 1
-0.511875 1
-0.51 1
-0.508125 1
-0.50625 1
-0.504375 1
-0.5025 1
-0.500625 1
-0.49875 1
-0.496875 1
-0.495 1
-0.493125 1
-0.49125 1
-0.489375 1
-0.4875 1
-0.485625 1
-0.48375 1
-0.481875 1
-0.48 1
-0.478125 1
-0.47625 1
-0.474375 1
-0.4725 1
-0.470625 1
-0.46875 1
-0.466875 1
-0.465 1
-0.463125 1
-0.46125 1
-0.459375 1
-0.4575 1
-0.455625 1
-0.45375 1
-0.451875 1
-0.45 1
-0.448125 1
-0.44625 1
-0.444375 1
-0.4425 1
-0.440625 1
-0.43875 1
-0.436875 1
-0.435 1
-0.433125 1
-0.43125 1
-0.429375 1
-0.4275 1
-0.425625 1
-0.42375 1
-0.421875 1
-0.42 1
-0.418125 1
-0.41625 1
-0.414375 1
-0.4125 1
-0.410625 1
-0.40875 1
-0.406875 1
-0.405 1
-0.403125 1
-0.40125 1
-0.399375 1
-0.3975 1
-0.395625 1
-0.39375 1
-0.391875 1
-0.39 1
-0.388125 1
-0.38625 1
-0.384375 1
-0.3825 1
-0.380625 1
-0.37875 1
-0.376875 1
-0.375 1
-0.373125 1
-0.37125 1
-0.369375 1
-0.3675 1
-0.365625 1
-0.36375 1
-0.361875 1
-0.36 1
-0.358125 1
-0.35625 1
-0.354375 1
-0.3525 1
-0.350625 1
-0.34875 1
-0.346875 1
-0.345 1
-0.343125 1
-0.34125 1
-0.339375 1
-0.3375 1
-0.335625 1
-0.33375 1
-0.331875 1
-0.33 1
-0.328125 1
-0.32625 1
-0.324375 1
-0.3225 1
-0.320625 1
-0.31875 1
-0.316875 1
-0.315 1
-0.313125 1
-0.31125 1
-0.309375 1
-0.3075 1
-0.305625 1
-0.30375 1
-0.301875 1
-0.3 1
-0.298125 1
-0.29625 1
-0.294375 1
-0.2925 1
-0.290625 1
-0.28875 1
-0.286875 1
-0.285 1
-0.283125 1
-0.28125 1
-0.279375 1
-0.2775 1
-0.275625 1
-0.27375 1
-0.271875 1
-0.27 1
-0.268125 1
-0.26625 1
-0.264375 1
-0.2625 1
-0.260625 1
-0.25875 1
-0.256875 1
-0.255 1
-0.253125 1
-0.25125 1
-0.249375 1
-0.2475 1
-0.245625 1
-0.24375 1
-0.241875 1
-0.24 1
-0.238125 1
-0.23625 1
-0.234375 1
-0.2325 1
-0.230625 1
-0.22875 1
-0.226875 1
-0.225 1
-0.223125 1
-0.22125 1
-0.219375 1
-0.2175 1
-0.215625 1
-0.21375 1
-0.211875 1
-0.21 1
-0.208125 1
-0.20625 1
-0.204375 1
-0.2025 1
-0.200625 1
-0.19875 1
-0.196875 1
-0.195 1
-0.193125 1
-0.19125 1
-0.189375 1
-0.1875 1
-0.185625 1
-0.18375 1
-0.181875 1
-0.18 1
-0.178125 1
-0.17625 1
-0.174375 1
-0.1725 1
-0.170625 1
-0.16875 1
-0.166875 1
-0.165 1
-0.163125 1
-0.16125 1
-0.159375 1
-0.1575 1
-0.155625 1
-0.15375 1
-0.151875 1
-0.15 1
-0.148125 1
-0.14625 1
-0.144375 1
-0.1425 1
-0.140625 1
-0.13875 1
-0.136875 1
-0.135 1
-0.133125 1
-0.13125 1
-0.129375 1
-0.1275 1
-0.125625 1
-0.12375 1
-0.121875 1
-0.12 1
-0.118125 1
-0.11625 1
-0.114375 1
-0.1125 1
-0.110625 1.00001
-0.10875 1.00001
-0.106875 1.00001
-0.105 1.00002
-0.103125 1.00002
-0.10125 1.00003
-0.099375 1.00005
-0.0975 1.00007
-0.095625 1.00009
-0.0937501 1.00012
-0.0918751 1.00016
-0.0900001 1.00021
-0.0881252 1.00028
-0.0862503 1.00036
-0.0843754 1.00045
-0.0825006 1.00057
-0.0806258 1.00071
-0.0787512 1.00087
-0.0768766 1.00106
-0.0750021 1.00126
-0.0731278 1.00149
-0.0712537 1.00174
-0.0693799 1.00199
-0.0675063 1.00224
-0.065633 1.00246
-0.0637601 1.00261
-0.0618876 1.00263
-0.0600155 1.00244
-0.0581437 1.00191
-0.0562723 1.00087
-0.0544012 0.999122
-0.0525303 0.996376
-0.0506595 0.992305
-0.0487885 0.986523
-0.0469173 0.978606
-0.0450457 0.968112
-0.0431733 0.954605
-0.0413 0.937678
-0.0394253 0.916972
-0.0375489 0.892198
-0.0356681 0.863289
-0.0337755 0.830817
-0.0318633 0.796004
-0.0299248 0.760313
-0.0279524 0.725317
-0.0259387 0.6926
-0.023876 0.66366
-0.0217569 0.639805
-0.0195738 0.622046
-0.0173192 0.610975
-0.0149962 0.606467
-0.0126261 0.606697
-0.0102327 0.609284
-0.00783648 0.61258
-0.00544088 0.615725
-0.00304557 0.618316
-0.000650055 0.619845
0.00174634 0.619698
0.00414444 0.617194
1.90877 0.13059
1.91774 0.129889
1.92665 0.129662
1.93484 0.141226
1.94252 0.159659
1.95003 0.172745
1.95752 0.178187
1.96501 0.179614
1.9725 0.17974
1.98 0.179647
1.9875 0.17957
1.995 0.179527
2.0025 0.179508
2.01 0.179502
2.0175 0.179501
2.025 0.1795
2.0325 0.1795
2.04 0.1795
2.0475 0.1795
2.055 0.1795
2.0625 0.1795
2.07 0.1795
2.0775 0.1795
2.085 0.1795
2.0925 0.1795
2.1 0.1795
2.1075 0.1795
2.115 0.1795
2.1225 0.1795
2.13 0.1795
2.1375 0.1795
2.145 0.1795
2.1525 0.1795
2.16 0.1795
2.1675 0.1795
2.175 0.1795
2.1825 0.1795
2.19 0.1795
2.1975 0.1795
2.205 0.1795
2.2125 0.1795
2.22 0.1795
2.2275 0.1795
2.235 0.1795
2.2425 0.1795
2.25 0.1795
2.2575 0.1795
2.265 0.1795
2.2725 0.1795
2.28 0.1795
2.2875 0.1795
2.295 0.1795
2.3025 0.1795
2.31 0.1795
2.3175 0.1795
2.325 0.1795
2.3325 0.1795
2.34 0.1795
2.3475 0.1795
2.355 0.1795
2.3625 0.1795
2.37 0.1795
2.3775 0.1795
2.385 0.1795
2.3925 0.1795
2.4 0.1795
2.4075 0.1795
2.415 0.1795
2.4225 0.1795
2.43 0.1795
2.4375 0.1795
2.445 0.1795
2.4525 0.1795
2.46 0.1795
2.4675 0.1795
2.475 0.1795
2.4825 0.1795
2.49 0.1795
2.4975 0.1795
2.505 0.1795
2.5125 0.1795
2.52 0.1795
2.5275 0.1795
2.535 0.1795
2.5425 0.1795
2.55 0.1795
2.5575 0.1795
2.565 0.1795
2.5725 0.1795
2.58 0.1795
2.5875 0.1795
2.595 0.1795
2.6025 0.1795
2.61 0.1795
2.6175 0.1795
2.625 0.1795
2.6325 0.1795
2.64 0.1795
2.6475 0.1795
2.655 0.1795
end.
