begin.
-0.970958 1.00079
-0.8978 1.0008
-1.45109 0.987094
-0.858326 0.990801
-1.3312 0.883925
-0.790517 0.797566
-0.599714 0.854181
-0.597043 0.91353
-0.595031 0.985866
-0.593094 0.996976
-0.591126 0.99993
-0.589299 0.99995
-0.587327 0.999915
-0.585479 0.999858
-0.583448 0.999816
-0.58153 0.999833
-0.579524 0.99988
-0.577658 0.999938
-0.575683 0.999977
-0.573922 0.999981
-0.571874 0.999962
-0.570189 0.99994
-0.568 0.999941
-0.566432 0.999903
-0.564157 0.999856
-0.562516 0.999872
-0.560302 0.999883
-0.558652 0.999854
-0.556422 0.999824
-0.554703 0.999843
-0.552531 0.999866
-0.55084 0.999855
-0.548617 0.999849
-0.546943 0.999851
-0.544713 0.999855
-0.543079 0.999831
-0.540773 0.999818
-0.539152 0.999826
-0.536845 0.999821
-0.535255 0.999784
-0.532855 0.999785
-0.531289 0.999785
-0.528938 0.999742
-0.527223 0.999738
-0.524979 0.999725
-0.523155 0.999724
-0.520994 0.999698
-0.519088 0.999646
-0.516921 0.999578
-0.514862 0.999534
-0.512714 0.999399
-0.510421 0.999318
-0.508203 0.999218
-0.505802 0.999091
-0.503361 0.999133
-0.501074 0.999088
-0.49857 0.999057
-0.496197 0.999079
-0.49379 0.999002
-0.491241 0.99906
-0.488943 0.999047
-0.486388 0.999011
-0.484012 0.999032
-0.48152 0.998971
-0.479021 0.998966
-0.476524 0.998989
-0.474077 0.998903
-0.471414 0.998884
-0.468935 0.998887
-0.466303 0.998782
-0.463597 0.998857
-0.461123 0.998864
-0.458434 0.998831
-0.455865 0.998901
-0.453336 0.998824
-0.450615 0.998893
-0.448193 0.998879
-0.445473 0.998808
-0.442879 0.998936
-0.440434 0.998845
-0.437647 0.99888
-0.435244 0.998907
-0.432557 0.998832
-0.429967 0.998955
-0.427543 0.998862
-0.424749 0.998921
-0.422399 0.99894
-0.419683 0.998845
-0.417129 0.998867
-0.414477 0.998822
-0.411851 0.99889
-0.409313 0.998877
-0.406681 0.998839
-0.404072 0.998869
-0.401501 0.998835
-0.398827 0.998816
-0.396245 0.998783
-0.393482 0.998818
-0.390973 0.998837
-0.388261 0.998829
-0.385721 0.998846
-0.383066 0.998764
-0.380344 0.998838
-0.377839 0.998801
-0.375052 0.998743
-0.372417 0.998791
-0.369736 0.998768
-0.367051 0.998808
-0.36444 0.998779
-0.361717 0.998714
-0.358963 0.998809
-0.356427 0.998795
-0.353642 0.998765
-0.351041 0.998826
-0.3484 0.99873
-0.345607 0.998762
-0.343014 0.998736
-0.34018 0.998681
-0.33745 0.998739
-0.334737 0.998652
-0.331822 0.998686
-0.329164 0.998769
-0.326452 0.998675
-0.323594 0.998741
-0.320996 0.998714
-0.318102 0.998703
-0.315446 0.998754
-0.312665 0.998623
-0.309749 0.998722
-0.307143 0.99875
-0.304315 0.998652
-0.301501 0.998723
-0.298809 0.998698
-0.295951 0.998696
-0.293247 0.998713
-0.290454 0.998657
-0.287626 0.998693
-0.284909 0.998701
-0.282088 0.998648
-0.279289 0.998712
-0.276589 0.998676
-0.273715 0.998646
-0.270945 0.998713
-0.268217 0.998662
-0.26535 0.998659
-0.2626 0.998693
-0.259833 0.998627
-0.256926 0.998673
-0.254241 0.998679
-0.251353 0.998637
-0.248593 0.998694
-0.245825 0.99864
-0.242959 0.998673
-0.240239 0.998703
-0.237461 0.998621
-0.234562 0.998634
-0.231797 0.998622
-0.228876 0.99858
-0.226023 0.998623
-0.223187 0.998584
-0.220262 0.998608
-0.217457 0.998615
-0.214568 0.998553
-0.21162 0.998609
-0.208841 0.998617
-0.205926 0.99856
-0.203022 0.9986
-0.200182 0.998571
-0.197231 0.998597
-0.194426 0.998636
-0.191577 0.998569
-0.188627 0.998594
-0.185821 0.998609
-0.182913 0.998566
-0.180016 0.998598
-0.177168 0.998547
-0.174172 0.998558
-0.171327 0.998626
-0.168494 0.998591
-0.165579 0.998599
-0.162758 0.99859
-0.15983 0.998557
-0.156935 0.99861
-0.154113 0.998567
-0.151144 0.99856
-0.148288 0.998611
-0.145439 0.998561
-0.14248 0.99858
-0.13966 0.998622
-0.136801 0.998593
-0.133925 0.998635
-0.131147 0.998618
-0.128253 0.998586
-0.125395 0.998627
-0.12259 0.998606
-0.119695 0.998615
-0.116901 0.998658
-0.114101 0.998585
-0.111128 0.998341
-0.107672 0.998048
-0.103944 0.998137
-0.100797 0.998398
-0.0977262 0.998232
-0.0940286 0.998052
-0.0905635 0.998293
-0.0875524 0.998332
-0.0841124 0.998111
-0.080517 0.998198
-0.0773609 0.998298
-0.0739919 0.998113
-0.0702822 0.998145
-0.0670764 0.998413
-0.0640728 0.998314
-0.0604761 0.998041
-0.0567512 0.998205
-0.0536774 0.998464
-0.0505856 0.99825
-0.046805 0.998047
-0.043261 0.99835
-0.0403322 0.998463
-0.0369867 0.998154
-0.0331937 0.998171
-0.0299779 0.998437
-0.0269063 0.998321
-0.023266 0.998125
-0.0197173 0.998302
-0.0166139 0.998397
-0.0132512 0.998207
-0.0096014 0.998206
-0.00631163 0.998383
-0.00312835 0.998315
0.000413301 0.998192
0.00387513 0.998325
0.00704085 0.998367
0.0104379 0.998226
0.0139733 0.998275
0.0172053 0.998364
0.0205215 0.998254
0.0240712 0.998248
0.0273686 0.998358
0.0306207 0.998293
0.0341283 0.998237
0.0375028 0.998314
0.04079 0.998286
0.0442651 0.998251
0.0476283 0.998321
0.0508995 0.998305
0.0543307 0.998267
0.0576892 0.998316
0.060974 0.998302
0.0643872 0.998273
0.067738 0.998312
0.0710367 0.99829
0.0744633 0.998256
0.0778387 0.998294
0.0811519 0.998294
0.0845361 0.998285
0.0878655 0.998301
0.0912039 0.998269
0.0946271 0.998252
0.0979997 0.998253
0.101418 0.998238
0.104824 0.998292
0.108084 0.998328
0.111406 0.998296
0.114749 0.998291
0.118079 0.998262
0.121505 0.998259
0.124826 0.998293
0.12816 0.998258
0.131586 0.998241
0.134957 0.99824
0.138375 0.998275
0.141636 0.998341
0.144896 0.998266
0.148379 0.998218
0.151738 0.998261
0.155102 0.99825
0.158492 0.998239
0.161884 0.998226
0.165305 0.998271
0.16856 0.998301
0.171918 0.998263
0.175269 0.998269
0.178603 0.998243
0.182033 0.998236
0.185374 0.998246
0.188776 0.99823
0.19216 0.998232
0.195544 0.998262
0.198839 0.998303
0.202118 0.998294
0.205442 0.998259
0.208818 0.998198
0.212312 0.998215
0.215619 0.998232
0.219085 0.998176
0.222544 0.998178
0.225987 0.998211
0.22934 0.998344
0.232434 0.998383
0.235722 0.99826
0.239141 0.998188
0.242618 0.998141
0.246163 0.998155
0.249569 0.99825
0.252847 0.998342
0.25601 0.998428
0.259101 0.998274
0.262746 0.998155
0.266091 0.998399
0.269084 0.998351
0.272684 0.998085
0.276392 0.99809
0.279939 0.998256
0.283108 0.998524
0.286059 0.998403
0.2897 0.998275
0.293044 0.999088
0.296099 1.00342
0.300929 0.185528
0.304334 0.188315
0.311014 0.188612
0.314317 0.188526
0.320677 0.18846
0.324069 0.188373
0.329763 0.188228
0.33321 0.188154
0.339878 0.187944
0.343828 0.187862
0.349538 0.187795
0.353424 0.187711
0.35973 0.187621
0.363675 0.187557
0.368567 0.18744
0.372745 0.18735
0.379723 0.187473
0.38303 0.187379
0.388666 0.187509
0.391397 0.187472
0.395536 0.187973
0.396763 0.187934
0.401166 0.187371
0.404112 0.187327
0.409664 0.187515
0.411943 0.187407
0.415711 0.187085
0.41808 0.187196
0.421282 0.186719
0.429082 0.187553
0.425544 0.186665
0.430215 0.18743
0.434469 0.18613
0.438519 0.185898
0.443183 0.18555
0.44781 0.186516
0.454649 0.186017
0.449867 0.186638
0.459502 0.185642
0.46448 0.186109
0.466878 0.186492
0.469798 0.186752
0.471637 0.186661
0.478544 0.185831
0.474894 0.185924
0.481938 0.186634
0.483092 0.186505
0.491075 0.185407
0.487815 0.185564
0.495844 0.185162
0.505522 0.18563
0.508682 0.185573
0.499666 0.185603
0.51406 0.185818
0.501755 0.185717
0.51547 0.185832
0.521675 0.185877
0.520053 0.185093
0.52551 0.184659
0.528688 0.184146
0.534447 0.184917
0.538793 0.184169
0.533879 0.185435
0.546361 0.184628
0.549809 0.184827
0.541817 0.184301
0.551323 0.184828
0.558979 0.184907
0.557198 0.184988
0.565758 0.183898
0.561997 0.184276
0.570287 0.18416
0.581744 0.185499
0.576675 0.184366
0.58915 0.185514
0.573196 0.184079
0.583858 0.184072
0.589269 0.184406
0.594572 0.185297
0.598351 0.183693
end.
