begin.
-0.81527 1.00073
-0.771395 1.00068
-0.966491 0.987094
-0.608306 0.990529
-0.600029 0.986052
-0.597527 1.00321
-0.595559 0.98745
-0.593739 0.996999
-0.591685 0.999939
-0.58994 0.999934
-0.587848 0.99993
-0.586153 0.99991
-0.583985 0.999907
-0.582328 0.999915
-0.580144 0.999916
-0.578508 0.999912
-0.576294 0.999927
-0.574692 0.999934
-0.572494 0.999911
-0.570857 0.999898
-0.56862 0.999933
-0.567054 0.999949
-0.564832 0.999928
-0.563225 0.999912
-0.561005 0.999911
-0.559387 0.999915
-0.55717 0.999929
-0.555558 0.999939
-0.55338 0.999934
-0.551735 0.999917
-0.54957 0.999919
-0.54786 0.999956
-0.545811 0.999982
-0.544073 0.999957
-0.542064 0.99992
-0.540201 0.999925
-0.538269 0.999939
-0.536378 0.999938
-0.534454 0.999978
-0.532585 1.00002
-0.530761 1
-0.528817 0.999957
-0.526975 0.999948
-0.525002 0.999959
-0.523212 0.999946
-0.521187 0.999918
-0.519391 0.999914
-0.517325 0.999917
-0.51562 0.999876
-0.51342 0.999844
-0.511734 0.999857
-0.509499 0.999885
-0.507922 0.999862
-0.505597 0.999838
-0.504012 0.999847
-0.50171 0.999854
-0.500114 0.999851
-0.497834 0.999848
-0.496193 0.999855
-0.493975 0.999879
-0.492266 0.999919
-0.490211 0.999938
-0.488387 0.99994
-0.486479 0.999934
-0.484501 0.99993
-0.482723 0.999929
-0.48063 0.999926
-0.47895 0.999919
-0.476765 0.999919
-0.475138 0.999927
-0.47294 0.999917
-0.471324 0.999898
-0.469084 0.999894
-0.467468 0.999902
-0.465247 0.999907
-0.463617 0.99991
-0.461429 0.999898
-0.459761 0.9999
-0.457573 0.999915
-0.455954 0.999907
-0.453714 0.999909
-0.452118 0.999913
-0.449903 0.999891
-0.448257 0.999868
-0.446025 0.999886
-0.44437 0.999916
-0.442235 0.999918
-0.440507 0.99991
-0.438434 0.999913
-0.436626 0.999941
-0.434661 0.999954
-0.432818 0.999944
-0.43086 0.999951
-0.429009 0.999959
-0.427085 0.999959
-0.425205 0.999945
-0.423303 0.999934
-0.421361 0.999934
-0.419516 0.999938
-0.417525 0.999915
-0.415729 0.99987
-0.413612 0.999846
-0.411871 0.999831
-0.409667 0.999835
-0.407971 0.999853
-0.405766 0.999855
-0.404112 0.999827
-0.401837 0.999815
-0.400173 0.999849
-0.397941 0.999867
-0.396319 0.999855
-0.394027 0.999862
-0.392457 0.999868
-0.39015 0.999861
-0.388566 0.999858
-0.386276 0.99985
-0.384671 0.999831
-0.382369 0.999819
-0.38072 0.999814
-0.378467 0.999787
-0.376733 0.999742
-0.374505 0.999691
-0.372613 0.999659
-0.370489 0.999529
-0.368294 0.999464
-0.366206 0.999321
-0.363789 0.999195
-0.361505 0.999173
-0.359145 0.999006
-0.356534 0.998989
-0.354161 0.998975
-0.351581 0.99888
-0.348985 0.998982
-0.346626 0.998925
-0.343923 0.998927
-0.341533 0.998982
-0.338969 0.998806
-0.336237 0.99892
-0.333868 0.998927
-0.331183 0.998843
-0.328642 0.9989
-0.326082 0.998864
-0.323478 0.998825
-0.320814 0.998921
-0.31841 0.998909
-0.315726 0.998835
-0.313173 0.99891
-0.310648 0.998839
-0.307951 0.998862
-0.305451 0.998917
-0.302889 0.998842
-0.300234 0.998864
-0.297713 0.998863
-0.295068 0.998785
-0.292387 0.998846
-0.28985 0.998834
-0.287166 0.998802
-0.284546 0.998861
-0.281987 0.99882
-0.279294 0.998803
-0.276688 0.998855
-0.274105 0.998797
-0.271391 0.998816
-0.268825 0.998841
-0.266185 0.998771
-0.26347 0.998799
-0.260882 0.998788
-0.258157 0.998729
-0.255443 0.998788
-0.252827 0.998756
-0.250066 0.998741
-0.247399 0.998793
-0.244757 0.998742
-0.241988 0.998744
-0.239341 0.998767
-0.236628 0.998698
-0.233843 0.998732
-0.231181 0.998727
-0.228407 0.998686
-0.225647 0.998735
-0.222973 0.998714
-0.220179 0.998696
-0.217459 0.998739
-0.214755 0.998692
-0.211951 0.998697
-0.209241 0.998713
-0.206482 0.998667
-0.203673 0.998689
-0.200953 0.998689
-0.198154 0.998656
-0.195363 0.998693
-0.192633 0.998676
-0.18982 0.998666
-0.187058 0.998695
-0.18431 0.998668
-0.181497 0.998671
-0.178749 0.998685
-0.175969 0.998653
-0.173157 0.998668
-0.170401 0.998665
-0.167589 0.998643
-0.164782 0.998662
-0.162009 0.998649
-0.159179 0.99864
-0.156383 0.998658
-0.153592 0.998638
-0.150759 0.998643
-0.147971 0.998652
-0.145162 0.998634
-0.142335 0.998646
-0.139548 0.998645
-0.136723 0.998632
-0.133908 0.998647
-0.131112 0.998637
-0.128281 0.998635
-0.125477 0.998647
-0.122673 0.998636
-0.119847 0.998644
-0.117057 0.998651
-0.114249 0.998641
-0.111438 0.998652
-0.108651 0.998648
-0.105835 0.99864
-0.103029 0.998649
-0.100231 0.99864
-0.097408 0.998641
-0.0946089 0.998649
-0.0918047 0.99864
-0.0889881 0.998646
-0.0861938 0.998649
-0.0833851 0.998614
-0.0804903 0.998389
-0.0770949 0.998091
-0.073448 0.99816
-0.0702969 0.998321
-0.067051 0.998156
-0.0633987 0.998145
-0.0601951 0.998392
-0.0571789 0.998268
-0.0535185 0.998029
-0.0499193 0.998288
-0.0470029 0.998509
-0.0438929 0.998221
-0.040119 0.998059
-0.0366797 0.998367
-0.0337585 0.99845
-0.0304262 0.998152
-0.026688 0.998165
-0.0234757 0.998436
-0.0204522 0.998345
-0.0168974 0.99813
-0.0133514 0.998288
-0.0102651 0.998401
-0.00696759 0.998216
-0.00335454 0.998203
-8.42794e-05 0.99837
0.00308373 0.9983
0.00660462 0.998189
0.0100234 0.998311
0.0131951 0.998333
0.0166047 0.998218
0.0200714 0.998275
0.0232962 0.998326
0.0266532 0.998235
0.0301265 0.998255
0.0333975 0.998316
0.0367229 0.998252
0.0401751 0.998249
0.0434833 0.998296
0.0468139 0.998258
0.0502315 0.998262
0.0535314 0.998289
0.0568857 0.998241
0.0603171 0.998253
0.0636198 0.998286
0.0669697 0.998253
0.0703585 0.998269
0.073655 0.998272
0.077044 0.998237
0.0804247 0.998255
0.0837624 0.998246
0.0871696 0.99825
0.0904814 0.998268
0.0938486 0.998235
0.097245 0.998258
0.100538 0.998266
0.103923 0.998254
0.107236 0.998268
0.110588 0.998235
0.113989 0.998252
0.117287 0.998238
0.120738 0.998221
0.124062 0.998274
0.12737 0.998257
0.130748 0.998263
0.134032 0.998241
0.137482 0.998188
0.140903 0.998194
0.144322 0.998234
0.147621 0.998283
0.150921 0.998245
0.154336 0.998214
0.157698 0.998255
0.160992 0.998303
0.164241 0.998239
0.167723 0.998195
0.171074 0.998226
0.174471 0.998218
0.177836 0.99825
0.181144 0.998246
0.184543 0.998232
0.187862 0.998265
0.191182 0.998236
0.194595 0.998226
0.197943 0.998206
0.201399 0.998201
0.204781 0.99827
0.208083 0.998301
0.211486 0.998781
0.214774 1.00205
0.218989 0.183675
0.223855 0.185805
0.228601 0.18597
0.233687 0.185885
0.238603 0.185824
0.243335 0.185745
0.248195 0.185644
0.253321 0.185575
0.257885 0.185487
0.263102 0.185403
0.267656 0.185345
0.272433 0.185253
0.277797 0.185206
0.282211 0.185123
0.287511 0.184985
0.292883 0.184948
0.297077 0.184866
0.302329 0.184743
0.307075 0.184683
0.311829 0.184601
0.316548 0.184527
0.321197 0.184437
0.326344 0.184321
0.331925 0.184283
0.336126 0.184238
0.340759 0.184112
0.346161 0.184022
0.350942 0.183949
0.355717 0.183847
0.36123 0.183797
0.365537 0.18373
0.37047 0.18362
0.375319 0.183534
0.380459 0.183463
0.385154 0.183393
0.390121 0.183316
0.394852 0.183284
0.39928 0.183201
0.404776 0.18307
0.410052 0.183
0.414715 0.182925
0.419741 0.182848
0.424311 0.182769
0.429309 0.182679
0.434183 0.182651
0.438553 0.182571
0.44403 0.182436
0.449236 0.182369
0.453807 0.182305
0.458648 0.182218
0.463529 0.182233
0.467555 0.182158
0.473482 0.181975
0.479141 0.181945
0.483368 0.181914
0.487947 0.181798
0.493044 0.181844
0.496778 0.181772
0.50292 0.181541
0.508825 0.18154
0.512831 0.18149
0.517623 0.181348
0.522636 0.181383
0.526548 0.181305
0.532218 0.181285
0.535771 0.181209
0.542227 0.180969
0.547035 0.18089
0.552043 0.180829
0.556568 0.181011
0.559572 0.181068
0.563599 0.181364
0.565811 0.18115
0.57113 0.181353
0.572813 0.181339
0.577739 0.180633
0.581148 0.180968
0.584555 0.181389
0.586254 0.181154
0.5905 0.180069
end.
