begin.
-0.09375 1
-0.0875 1
-0.08125 1
-0.075 1
-0.06875 1
-0.0625 1
-0.05625 1
-0.05 1
-0.04375 1
-0.0375 1
-0.03125 1
-0.025 1
-0.01875 1
-0.0125 1
-0.00625 1
1.13697e-18 1
0.00625 1
0.0125 1
0.01875 1
0.025 1
0.03125 1
0.0375 1
0.04375 1
0.05 1
0.05625 1
0.0625 1
0.06875 1
0.075 1
0.08125 1
0.0875 1
0.09375 1
0.1 1
0.10625 1
0.1125 1
0.11875 1
0.125 1
0.13125 1
0.1375 1
0.14375 1
0.15 1
0.15625 1
0.1625 1
0.16875 1
0.175 1
0.18125 1
0.1875 1
0.19375 1
0.2 1
0.20625 1
0.2125 1
0.21875 1
0.225 1
0.23125 1
0.2375 1
0.24375 1
0.25 1
0.25625 1
0.2625 1
0.26875 1
0.275 1
0.28125 1
0.2875 1
0.29375 1
0.3 1
0.30625 1
0.3125 1
0.31875 1
0.325 1
0.33125 1.00001
0.3375 1.00002
0.34375 1.00004
0.35 1.00008
0.356249 1.00013
0.362499 1.0002
0.368748 1.0002
0.374996 0.999988
0.381243 0.999351
0.387493 0.997948
0.393751 0.99517
0.400018 0.989905
0.406297 0.98059
0.412609 0.965762
0.41901 0.944685
0.425552 0.91711
0.432239 0.881629
0.439074 0.835025
0.446168 0.774057
0.453793 0.698266
0.462205 0.615167
0.471399 0.539864
0.481717 0.485839
0.492308 0.480318
0.504469 0.498664
0.52334 0.310753
0.542196 0.240632
0.509627 0.0223999
0.569519 0.177635
0.59312 0.483482
0.598535 0.58277
0.609075 0.495339
0.625678 0.254182
0.649961 0.182338
0.674996 0.179346
0.7 0.179483
0.725 0.1795
0.75 0.1795
0.775 0.1795
0.8 0.1795
0.825 0.1795
0.85 0.1795
0.875 0.1795
0.9 0.1795
0.925 0.1795
0.95 0.1795
0.975 0.1795
1 0.1795
1.025 0.1795
1.05 0.1795
1.075 0.1795
1.1 0.1795
1.125 0.1795
1.15 0.1795
1.175 0.1795
1.2 0.1795
1.225 0.1795
1.25 0.1795
1.275 0.1795
1.3 0.1795
1.325 0.1795
1.35 0.1795
end.
