begin.
-0.09375 1
-0.0875 1
-0.08125 1
-0.075 1
-0.06875 1
-0.0625 1
-0.05625 1
-0.05 1
-0.04375 1
-0.0375 1
-0.03125 1
-0.025 1
-0.01875 1
-0.0125 1
-0.00625 1
4.00602e-17 1
0.00625 1
0.0125 1
0.01875 1
0.025 1
0.03125 1
0.0375 1
0.04375 1
0.05 1
0.05625 1
0.0625 1
0.06875 1
0.075 1
0.08125 1
0.0875 1
0.09375 1
0.1 1
0.10625 1
0.1125 1
0.11875 1
0.125 1
0.13125 1
0.1375 1
0.14375 1
0.15 1
0.15625 1
0.1625 1
0.16875 1
0.175 1
0.18125 1.00001
0.1875 1.00001
0.19375 1.00002
0.2 1.00002
0.20625 1.00003
0.2125 1.00003
0.218749 1.00001
0.224999 0.999942
0.231249 0.99978
0.237499 0.999447
0.243751 0.998825
0.250005 0.997742
0.256263 0.995965
0.26253 0.993193
0.268808 0.989071
0.275105 0.983213
0.28143 0.975251
0.287795 0.964871
0.294212 0.951859
0.300696 0.936135
0.307263 0.917795
0.313931 0.897115
0.320715 0.874472
0.327629 0.850164
0.334683 0.82424
0.341894 0.796518
0.349284 0.766749
0.356883 0.734782
0.36472 0.70061
0.372833 0.66437
0.38127 0.626497
0.390077 0.588087
0.399297 0.551087
0.408953 0.517918
0.419023 0.491186
0.429437 0.473827
0.440066 0.469768
0.450647 0.481171
0.46089 0.500592
0.470692 0.506842
0.480226 0.482138
0.490928 0.427528
0.502984 0.363276
0.515935 0.273245
0.537232 0.354423
0.558394 0.332561
0.57197 0.378584
0.581819 0.339051
0.599715 0.256937
0.618514 0.476191
0.700012 0.390306
0.54181 0.00273893
0.621961 0.512876
0.6404 0.342586
0.657503 0.485111
0.662146 0.444953
0.68568 0.279698
0.714747 0.389347
0.727234 0.331858
0.747712 0.299264
0.763309 0.483789
0.772958 0.54251
0.782661 0.449298
0.800678 0.236884
0.824964 0.182366
0.849991 0.17936
0.875 0.179466
0.9 0.179498
0.925 0.1795
0.95 0.1795
0.975 0.1795
1 0.1795
1.025 0.1795
1.05 0.1795
1.075 0.1795
1.1 0.1795
1.125 0.1795
1.15 0.1795
1.175 0.1795
1.2 0.1795
1.225 0.1795
1.25 0.1795
1.275 0.1795
1.3 0.1795
1.325 0.1795
1.35 0.1795
end.
