begin.
-0.09375 1
-0.0875 1
-0.08125 1
-0.075 1
-0.06875 1
-0.0625 1
-0.05625 1
-0.05 1
-0.04375 1
-0.0375 1
-0.03125 1
-0.025 1
-0.01875 1
-0.0125 1
-0.00625 1
4.36673e-16 1
0.00625 1
0.0125 1
0.01875 1
0.025 1
0.03125 1
0.0375 1
0.04375 1
0.05 1
0.05625 1
0.0625 1
0.06875 1
0.075 1
0.08125 1
0.0875 1
0.09375 1
0.1 1
0.10625 1
0.1125 1
0.11875 1
0.125 1
0.13125 1
0.1375 1
0.14375 1
0.15 1
0.15625 1
0.1625 1
0.16875 1.00001
0.175 1.00001
0.18125 1.00002
0.1875 1.00002
0.19375 1.00003
0.2 1.00002
0.206249 0.999998
0.212499 0.999921
0.218749 0.999748
0.225 0.999405
0.231252 0.998777
0.237506 0.9977
0.243765 0.995951
0.250031 0.993252
0.256309 0.989276
0.262606 0.983668
0.268929 0.976076
0.27529 0.966199
0.2817 0.953843
0.288174 0.938957
0.294727 0.92165
0.301373 0.902147
0.308127 0.880752
0.315001 0.857787
0.322011 0.833494
0.329166 0.807894
0.336479 0.780712
0.343969 0.751475
0.351669 0.719861
0.35962 0.68604
0.367861 0.650673
0.376424 0.61458
0.385338 0.57863
0.394645 0.544091
0.404371 0.513002
0.414499 0.488209
0.42495 0.473062
0.435562 0.470933
0.446106 0.481949
0.456307 0.497185
0.466161 0.501888
0.476079 0.484735
0.486345 0.437095
0.497891 0.361285
0.512202 0.294708
0.527353 0.238829
0.547426 0.408307
0.559554 0.545702
0.575109 0.341357
0.590506 0.24765
0.609853 0.341785
0.618402 0.43452
0.707152 0.309302
0.557347 0.0223452
0.633068 0.427268
0.645432 0.306366
0.668401 0.495999
0.676755 0.594825
0.682585 0.515667
0.722437 0.418544
0.732714 0.406238
0.749891 0.271538
0.770443 0.351272
0.783802 0.538964
0.791641 0.544524
0.804172 0.366156
0.825143 0.202211
0.849972 0.18009
0.874996 0.179388
0.9 0.179485
0.925 0.1795
0.95 0.1795
0.975 0.1795
1 0.1795
1.025 0.1795
1.05 0.1795
1.075 0.1795
1.1 0.1795
1.125 0.1795
1.15 0.1795
1.175 0.1795
1.2 0.1795
1.225 0.1795
1.25 0.1795
1.275 0.1795
1.3 0.1795
1.325 0.1795
1.35 0.1795
end.
