begin.
-0.850624 1.00073
-0.790625 1.00068
-1.07663 0.987094
-0.674647 0.990529
-0.601656 0.957784
-0.597976 0.99462
-0.596807 0.96934
-0.594402 0.996532
-0.592841 0.999773
-0.590587 0.999868
-0.588908 0.999863
-0.586766 0.999864
-0.58495 0.999888
-0.582983 0.999891
-0.581029 0.999883
-0.579187 0.999853
-0.577086 0.999839
-0.575318 0.999844
-0.573152 0.999863
-0.571458 0.999864
-0.569266 0.999852
-0.567566 0.999858
-0.565376 0.999882
-0.563696 0.999896
-0.561543 0.999898
-0.559823 0.999914
-0.557738 0.999921
-0.555971 0.999929
-0.553929 0.999945
-0.552169 0.999936
-0.55013 0.999931
-0.548315 0.999952
-0.546367 0.999947
-0.544511 0.99992
-0.542527 0.999936
-0.540684 0.999974
-0.538769 0.999975
-0.536921 0.999938
-0.534956 0.999919
-0.533069 0.999948
-0.531166 0.999977
-0.529304 0.999969
-0.527384 0.999949
-0.525494 0.99994
-0.523594 0.999936
-0.521672 0.999945
-0.51978 0.999975
-0.517883 0.999986
-0.516052 0.999968
-0.514069 0.999954
-0.512284 0.999938
-0.510247 0.999908
-0.508461 0.999899
-0.506368 0.999928
-0.504652 0.999963
-0.50257 0.999958
-0.50089 0.999936
-0.498722 0.999933
-0.497112 0.99993
-0.494872 0.999938
-0.493313 0.999944
-0.491078 0.99992
-0.48949 0.999889
-0.48722 0.999884
-0.485623 0.999888
-0.483383 0.999871
-0.481738 0.999861
-0.479497 0.999875
-0.477874 0.999872
-0.475634 0.999862
-0.473971 0.999863
-0.471785 0.99984
-0.470062 0.999807
-0.467842 0.999839
-0.466126 0.99988
-0.464029 0.999891
-0.462185 0.999916
-0.460288 0.999908
-0.458281 0.999881
-0.456482 0.999858
-0.454337 0.999864
-0.452645 0.999866
-0.45043 0.999859
-0.448775 0.999852
-0.446535 0.999847
-0.444867 0.999877
-0.442654 0.999904
-0.441051 0.999884
-0.438781 0.999873
-0.437172 0.999881
-0.434942 0.999869
-0.43328 0.999855
-0.431064 0.999871
-0.429375 0.999893
-0.427261 0.999899
-0.425466 0.999904
-0.423488 0.999888
-0.421538 0.999876
-0.419674 0.999854
-0.417599 0.99984
-0.415799 0.999821
-0.413657 0.999811
-0.411871 0.999804
-0.409723 0.999798
-0.407904 0.999772
-0.40579 0.999673
-0.4038 0.999559
-0.401574 0.999428
-0.399419 0.999318
-0.397065 0.999251
-0.394843 0.999152
-0.392355 0.999077
-0.389985 0.999122
-0.38763 0.99903
-0.385086 0.998984
-0.382659 0.998967
-0.380112 0.998893
-0.377531 0.998922
-0.375037 0.998899
-0.372449 0.998861
-0.369851 0.998928
-0.367405 0.998863
-0.364675 0.998863
-0.36221 0.998897
-0.359572 0.998796
-0.356899 0.998899
-0.354455 0.99888
-0.351773 0.998833
-0.349204 0.998925
-0.346716 0.998832
-0.343966 0.998842
-0.341465 0.998912
-0.338895 0.99883
-0.336209 0.998891
-0.333745 0.998845
-0.331 0.998816
-0.328441 0.998907
-0.3259 0.998831
-0.32318 0.998813
-0.320613 0.998876
-0.318028 0.998804
-0.315319 0.998804
-0.312734 0.998831
-0.31009 0.998757
-0.307341 0.998811
-0.304786 0.998847
-0.302152 0.998752
-0.299387 0.998798
-0.296847 0.998802
-0.294089 0.99876
-0.291462 0.998828
-0.28885 0.998745
-0.286065 0.998725
-0.28339 0.998777
-0.280724 0.998725
-0.277939 0.99876
-0.275335 0.998774
-0.27259 0.998695
-0.269828 0.998753
-0.267184 0.998742
-0.264421 0.998726
-0.261724 0.998785
-0.25909 0.998736
-0.256302 0.998714
-0.253612 0.998749
-0.250898 0.998681
-0.248077 0.998716
-0.245411 0.998736
-0.242655 0.998688
-0.239878 0.998736
-0.237218 0.998721
-0.234421 0.998691
-0.231692 0.998751
-0.229014 0.99871
-0.226217 0.998717
-0.223535 0.998737
-0.220796 0.998673
-0.217977 0.998692
-0.21527 0.998688
-0.212451 0.998646
-0.209652 0.998699
-0.206934 0.998676
-0.204105 0.998668
-0.201356 0.998698
-0.1986 0.998649
-0.195749 0.998652
-0.192992 0.998662
-0.190167 0.998617
-0.187317 0.998653
-0.184555 0.998646
-0.181707 0.998629
-0.178897 0.998663
-0.176125 0.998639
-0.17327 0.998633
-0.170479 0.99865
-0.167664 0.998612
-0.164795 0.998625
-0.161997 0.998628
-0.159145 0.998604
-0.156291 0.99863
-0.153491 0.998624
-0.150631 0.998614
-0.147807 0.99864
-0.145001 0.998622
-0.142146 0.998626
-0.139342 0.998638
-0.136519 0.998618
-0.133671 0.998631
-0.130872 0.998633
-0.128035 0.99862
-0.125206 0.998641
-0.122409 0.998632
-0.119569 0.998628
-0.116756 0.998642
-0.113948 0.998627
-0.111107 0.998632
-0.108304 0.998642
-0.105487 0.99863
-0.102661 0.998643
-0.0998686 0.998644
-0.0970486 0.998636
-0.0942366 0.998648
-0.0914414 0.998645
-0.0886179 0.998539
-0.0855455 0.998232
-0.0819054 0.998052
-0.0784379 0.998268
-0.0753965 0.998311
-0.0719693 0.998112
-0.0684153 0.998235
-0.0653525 0.998347
-0.0620406 0.998113
-0.0582889 0.99813
-0.0551042 0.998456
-0.0522002 0.998367
-0.0486441 0.99805
-0.0449198 0.998216
-0.0418902 0.998499
-0.0388581 0.998292
-0.0351658 0.998078
-0.0316525 0.998341
-0.0286986 0.998463
-0.0254171 0.99819
-0.0217008 0.998168
-0.0184438 0.99841
-0.0153763 0.998337
-0.0118334 0.998154
-0.00832182 0.9983
-0.00521362 0.998392
-0.00189248 0.998224
0.00168817 0.998225
0.00494716 0.998371
0.00814648 0.998295
0.0116611 0.998208
0.0150472 0.998322
0.0182443 0.998317
0.0216879 0.998218
0.0251249 0.998295
0.0283436 0.998325
0.0317311 0.998234
0.0351831 0.998274
0.038441 0.998317
0.0417933 0.998253
0.0452223 0.998269
0.048515 0.998293
0.0518896 0.998245
0.0553051 0.998277
0.0585793 0.998303
0.0619375 0.998253
0.0653429 0.998269
0.0686455 0.998275
0.0720426 0.998236
0.0754397 0.998267
0.0787451 0.998272
0.0821366 0.998252
0.0854843 0.998273
0.0888203 0.998255
0.0922174 0.998268
0.0955032 0.998287
0.0988595 0.998248
0.102247 0.998258
0.105566 0.998249
0.108984 0.998238
0.112321 0.99826
0.115681 0.998251
0.119037 0.998285
0.1223 0.998263
0.125738 0.998214
0.129117 0.998218
0.132541 0.998196
0.135977 0.998257
0.139221 0.998293
0.142574 0.998256
0.145916 0.998236
0.149318 0.998242
0.152628 0.9983
0.155882 0.99826
0.159323 0.99819
0.162748 0.998207
0.166123 0.998258
0.169413 0.998249
0.172823 0.99824
0.176123 0.998258
0.17949 0.998233
0.182859 0.99825
0.186174 0.998215
0.189657 0.998194
0.193014 0.998225
0.196407 0.998223
0.199762 0.998264
0.203053 0.998254
0.206442 0.998222
0.209805 0.998264
0.213091 0.998251
0.216514 0.998217
0.219861 0.998207
0.223363 0.998208
0.22671 0.99835
0.22995 0.998862
0.233187 1.00236
0.237721 0.184077
0.241942 0.186355
0.247577 0.186565
0.251664 0.186485
0.257167 0.186351
0.261966 0.186277
0.267088 0.186214
0.271523 0.186127
0.277022 0.18609
0.281029 0.186005
0.286806 0.185878
0.291208 0.185806
0.296223 0.185733
0.300526 0.185642
0.306445 0.185622
0.310304 0.185539
0.316139 0.185457
0.319993 0.185376
0.325256 0.185199
0.330211 0.185139
0.335009 0.185068
0.339608 0.184966
0.34611 0.185061
0.349578 0.18497
0.35535 0.184789
0.359211 0.184706
0.364787 0.184569
0.369055 0.18451
0.373932 0.184402
0.378686 0.184312
0.384888 0.18434
0.388681 0.184266
0.393758 0.184079
0.398736 0.184
0.403878 0.183959
0.408148 0.18388
0.414295 0.183861
0.418161 0.183779
0.423439 0.183626
0.427881 0.183546
0.433492 0.183489
0.437679 0.183409
0.443043 0.183315
0.447376 0.183268
0.452065 0.183158
0.457325 0.183053
0.463271 0.183061
0.467187 0.182975
0.47278 0.182866
0.476883 0.182787
0.482282 0.182679
0.486664 0.182631
0.491395 0.182527
0.49652 0.182427
0.502434 0.182427
0.506418 0.182355
0.511496 0.182224
0.516032 0.182246
0.520016 0.18277
0.522029 0.182726
0.526604 0.182369
0.529764 0.182158
0.534559 0.182571
0.536523 0.182681
0.541183 0.182061
0.544639 0.18197
0.547907 0.181636
0.552286 0.181673
0.555581 0.181744
0.561449 0.181595
0.565124 0.182309
0.567031 0.182535
0.573124 0.182562
0.574922 0.182623
0.581025 0.1823
0.579219 0.182013
0.584948 0.181612
0.588018 0.181255
0.592179 0.18201
0.594597 0.181298
end.
