begin.
-0.09375 1
-0.0875 1
-0.08125 1
-0.075 1
-0.06875 1
-0.0625 1
-0.05625 1
-0.05 1
-0.04375 1
-0.0375 1
-0.03125 1
-0.025 1
-0.01875 1
-0.0125 1
-0.00625 1
1.33548e-15 1
0.00625 1
0.0125 1
0.01875 1
0.025 1
0.03125 1
0.0375 1
0.04375 1
0.05 1
0.05625 1
0.0625 1
0.06875 1
0.075 1
0.08125 1
0.0875 1
0.09375 1
0.1 1
0.10625 1
0.1125 1
0.11875 1
0.125 1
0.13125 1
0.1375 1
0.14375 1
0.15 1
0.15625 1.00001
0.1625 1.00001
0.16875 1.00002
0.175 1.00002
0.18125 1.00002
0.187499 1.00001
0.193749 0.999957
0.199999 0.999839
0.20625 0.999598
0.212501 0.999148
0.218754 0.998362
0.22501 0.997065
0.231271 0.99503
0.237542 0.991979
0.243826 0.987595
0.250131 0.981548
0.256465 0.973533
0.262839 0.963315
0.269264 0.950758
0.275754 0.935855
0.282323 0.918735
0.288984 0.899663
0.295752 0.878998
0.302636 0.857089
0.309647 0.834124
0.316793 0.810028
0.324088 0.784517
0.33155 0.757247
0.339206 0.727973
0.347084 0.696653
0.35522 0.663528
0.363652 0.629214
0.372415 0.594678
0.381537 0.561218
0.391037 0.53028
0.400916 0.503478
0.41114 0.482759
0.421641 0.471087
0.432263 0.471722
0.442754 0.484067
0.452924 0.498672
0.462755 0.499164
0.472636 0.474709
0.48336 0.429005
0.495221 0.373855
0.50787 0.303484
0.524308 0.235971
0.542426 0.315859
0.555724 0.471416
0.561502 0.49922
0.581203 0.39076
0.601321 0.285909
0.619195 0.436749
0.61851 0.492059
0.71249 0.360906
0.575891 0.0104758
0.646397 0.360564
0.655313 0.381869
0.673958 0.398891
0.696583 0.420003
0.685517 0.471412
0.728581 0.38183
0.741012 0.411445
0.75495 0.326027
0.774352 0.252187
0.793798 0.412128
0.804657 0.545084
0.813512 0.518353
0.827497 0.31563
0.850024 0.191433
0.87498 0.179603
0.899998 0.179419
0.925 0.179492
0.95 0.1795
0.975 0.1795
1 0.1795
1.025 0.1795
1.05 0.1795
1.075 0.1795
1.1 0.1795
1.125 0.1795
1.15 0.1795
1.175 0.1795
1.2 0.1795
1.225 0.1795
1.25 0.1795
1.275 0.1795
1.3 0.1795
1.325 0.1795
1.35 0.1795
end.
