begin.
-0.700984 1.00061
-0.67721 1.00058
-0.601674 0.997313
-0.598918 1.00354
-0.597269 0.99961
-0.595023 1.00094
-0.593367 0.999911
-0.591164 0.999905
-0.589538 0.999904
-0.587321 0.999899
-0.585689 0.999907
-0.583483 0.99991
-0.581866 0.999901
-0.579621 0.999912
-0.578037 0.999925
-0.575813 0.999914
-0.574196 0.999916
-0.571974 0.999933
-0.570399 0.999922
-0.568155 0.999905
-0.56654 0.999926
-0.564338 0.999955
-0.562738 0.999965
-0.560569 0.999965
-0.558942 0.999956
-0.556805 0.999935
-0.555103 0.999922
-0.553008 0.999928
-0.551255 0.999928
-0.549234 0.999922
-0.547373 0.999919
-0.545471 0.99991
-0.543483 0.99989
-0.541678 0.999867
-0.539539 0.999873
-0.53786 0.999871
-0.535635 0.999868
-0.533997 0.99988
-0.53176 0.999888
-0.530152 0.999885
-0.527897 0.999884
-0.526288 0.999891
-0.524055 0.999889
-0.522419 0.9999
-0.520209 0.999916
-0.5186 0.999905
-0.516375 0.9999
-0.514725 0.999921
-0.512585 0.999926
-0.51088 0.999919
-0.508781 0.999931
-0.507021 0.999961
-0.505036 0.999972
-0.503216 0.999958
-0.501275 0.999955
-0.499381 0.999964
-0.497532 0.999966
-0.49557 0.999954
-0.493763 0.999957
-0.491735 0.999967
-0.49003 0.999948
-0.487919 0.999907
-0.486207 0.999897
-0.484038 0.99992
-0.482405 0.99993
-0.48021 0.999927
-0.478588 0.999928
-0.476397 0.999919
-0.474764 0.999909
-0.472558 0.999906
-0.470929 0.999904
-0.468712 0.999905
-0.467094 0.999904
-0.46487 0.999899
-0.463255 0.999899
-0.461009 0.999914
-0.459429 0.999932
-0.457185 0.999948
-0.455633 0.999946
-0.453394 0.99994
-0.451803 0.999952
-0.449618 0.999949
-0.447996 0.999933
-0.445809 0.999923
-0.444182 0.999905
-0.441975 0.999889
-0.440303 0.999912
-0.438144 0.999921
-0.436517 0.999884
-0.434248 0.99988
-0.432661 0.999902
-0.430412 0.999896
-0.428818 0.999869
-0.426543 0.999856
-0.424916 0.999867
-0.422689 0.999874
-0.421016 0.99989
-0.418858 0.999908
-0.417156 0.999925
-0.41506 0.999945
-0.413316 0.999971
-0.411315 0.999981
-0.409529 0.999963
-0.407558 0.999953
-0.405701 0.999959
-0.4038 0.999959
-0.401891 0.999963
-0.400018 0.999968
-0.398129 0.999954
-0.396207 0.999952
-0.394344 0.999956
-0.392414 0.99996
-0.390546 0.999975
-0.388649 0.999981
-0.386776 0.999979
-0.38488 0.999972
-0.383008 0.999958
-0.381089 0.999947
-0.379208 0.999942
-0.37729 0.99994
-0.375392 0.999947
-0.373497 0.999955
-0.371591 0.999964
-0.369715 0.999973
-0.367817 0.999978
-0.365942 0.999979
-0.364052 0.999976
-0.362168 0.999971
-0.360278 0.999965
-0.358384 0.99996
-0.356492 0.999958
-0.354595 0.999958
-0.352702 0.99996
-0.350807 0.999964
-0.348917 0.999969
-0.347028 0.999975
-0.345142 0.99998
-0.343259 0.999985
-0.341378 0.999988
-0.339498 0.99999
-0.337619 0.99999
-0.335739 0.999989
-0.333859 0.999987
-0.331977 0.999985
-0.330095 0.999983
-0.328212 0.999982
-0.326328 0.999981
-0.324445 0.999981
-0.322561 0.999982
-0.320677 0.999983
-0.318794 0.999984
-0.316912 0.999985
-0.315031 0.999987
-0.31315 0.999989
-0.31127 0.99999
-0.309391 0.999992
-0.307512 0.999993
-0.305634 0.999994
-0.303757 0.999995
-0.301879 0.999995
-0.300002 0.999996
-0.298125 0.999995
-0.296248 0.999995
-0.29437 0.999994
-0.292492 0.999992
-0.290613 0.99999
-0.288733 0.999988
-0.286851 0.999985
-0.284968 0.999982
-0.283084 0.999978
-0.281198 0.999974
-0.27931 0.99997
-0.277419 0.999966
-0.275527 0.999961
-0.273632 0.999956
-0.271737 0.999952
-0.269835 0.999948
-0.267942 0.999945
-0.266026 0.999941
-0.264148 0.999942
-0.262204 0.99994
-0.260369 0.999943
-0.258362 0.999937
-0.256614 0.999908
-0.254469 0.999886
-0.252788 0.999814
-0.250538 0.999732
-0.248717 0.999654
-0.24651 0.999441
-0.244283 0.999315
-0.242012 0.999149
-0.239537 0.999015
-0.237062 0.999006
-0.23461 0.998948
-0.232043 0.998925
-0.229538 0.998956
-0.227046 0.99892
-0.224471 0.998919
-0.221968 0.998943
-0.219451 0.998905
-0.216875 0.998912
-0.214363 0.998922
-0.211819 0.998888
-0.209236 0.998897
-0.206707 0.998897
-0.204134 0.998866
-0.20154 0.998877
-0.198986 0.998868
-0.196384 0.998844
-0.193777 0.998854
-0.191196 0.99884
-0.188566 0.998821
-0.185944 0.998831
-0.183335 0.998813
-0.180682 0.998801
-0.178045 0.998807
-0.175408 0.998789
-0.172735 0.998782
-0.170082 0.998785
-0.167417 0.998766
-0.164727 0.998765
-0.162057 0.998764
-0.159367 0.998747
-0.156662 0.998749
-0.153974 0.998743
-0.151261 0.99873
-0.148544 0.998733
-0.145836 0.998724
-0.143102 0.998715
-0.140374 0.998718
-0.137646 0.998706
-0.134895 0.998701
-0.132155 0.998702
-0.129406 0.99869
-0.126642 0.998689
-0.123889 0.998687
-0.121121 0.998676
-0.118346 0.998678
-0.115579 0.998672
-0.112793 0.998664
-0.110009 0.998666
-0.107226 0.998658
-0.104427 0.998654
-0.101634 0.998655
-0.098836 0.998647
-0.096026 0.998646
-0.0932255 0.998645
-0.0904141 0.998638
-0.0875994 0.998641
-0.0847934 0.99864
-0.0819763 0.998638
-0.0791665 0.998645
-0.0763635 0.998644
-0.0735529 0.998646
-0.0707541 0.99865
-0.0679519 0.998645
-0.0651418 0.998646
-0.0623408 0.998646
-0.0595331 0.998629
-0.0566741 0.998434
-0.053361 0.998122
-0.0497071 0.998166
-0.0465838 0.998429
-0.043586 0.998271
-0.0399231 0.998014
-0.0362933 0.998255
-0.0333399 0.998496
-0.0302642 0.998242
-0.0265439 0.998047
-0.0230355 0.998309
-0.0200621 0.998439
-0.0168067 0.998183
-0.0131174 0.998141
-0.00983138 0.998373
-0.00676457 0.998319
-0.00324598 0.998136
0.00026791 0.998264
0.00340225 0.998342
0.00675361 0.998197
0.0102879 0.998224
0.0135207 0.998324
0.0168008 0.998238
0.0202933 0.998212
0.0236049 0.998288
0.0268938 0.998244
0.0303478 0.998219
0.0336755 0.998274
0.0369807 0.99824
0.0404157 0.998225
0.0437383 0.998262
0.0470779 0.998232
0.050486 0.998245
0.0537723 0.998257
0.0571618 0.998219
0.0605455 0.998247
0.063845 0.99824
0.0672595 0.998234
0.0705657 0.998246
0.0739503 0.99821
0.0773484 0.99825
0.0806204 0.998241
0.0840548 0.998226
0.0873511 0.998254
0.090721 0.998217
0.0941141 0.998232
0.0974318 0.998228
0.100848 0.998237
0.104132 0.998254
0.107508 0.998231
0.110849 0.998227
0.114246 0.998231
0.117564 0.998237
0.12095 0.998219
0.124321 0.998241
0.127661 0.998227
0.131048 0.998237
0.134393 0.998258
0.13775 0.9983
0.141077 0.998579
0.144399 1.00081
0.148623 0.182133
0.153397 0.183773
0.158388 0.183856
0.1633 0.183784
0.168147 0.183711
0.172864 0.183619
0.177933 0.183533
0.182826 0.183465
0.187707 0.183382
0.192664 0.183312
0.19738 0.183232
0.202508 0.183146
0.207316 0.183069
0.212158 0.182979
0.217124 0.182898
0.221988 0.182822
0.226863 0.18274
0.231813 0.182672
0.236508 0.18259
0.241602 0.182497
0.246468 0.182417
0.251384 0.182334
0.256254 0.18225
0.261248 0.182192
0.265787 0.18211
0.271078 0.18199
0.276294 0.181926
0.280824 0.181872
0.285569 0.181781
0.29059 0.181768
0.294757 0.181694
0.300515 0.18153
0.305949 0.181482
0.31026 0.181414
0.3153 0.181315
0.320051 0.181294
0.324443 0.181213
0.329768 0.18124
0.333458 0.181169
0.339772 0.180935
0.345331 0.180896
0.349632 0.180853
0.354349 0.180745
0.35935 0.180785
0.363183 0.180707
0.369206 0.180485
0.374697 0.180442
0.378965 0.180409
0.3835 0.180295
0.388796 0.180233
0.393221 0.180156
0.398615 0.180025
0.406123 0.180027
0.412393 0.180113
0.415918 0.180027
0.423225 0.179981
0.427139 0.179894
0.432927 0.179694
0.437863 0.179611
0.442501 0.179508
0.45 0.1795
0.4575 0.1795
0.465 0.1795
0.4725 0.1795
0.48 0.1795
0.4875 0.1795
0.495 0.1795
0.5025 0.1795
0.51 0.1795
0.5175 0.1795
0.525 0.1795
0.5325 0.1795
0.54 0.1795
0.5475 0.1795
0.555 0.1795
0.5625 0.1795
0.57 0.1795
0.5775 0.1795
0.585 0.1795
0.5925 0.1795
end.
