begin.
-0.09375 1
-0.0875 1
-0.08125 1
-0.075 1
-0.06875 1
-0.0625 1
-0.05625 1
-0.05 1
-0.04375 1
-0.0375 1
-0.03125 1
-0.025 1
-0.01875 1
-0.0125 1
-0.00625 1
7.9795e-18 1
0.00625 1
0.0125 1
0.01875 1
0.025 1
0.03125 1
0.0375 1
0.04375 1
0.05 1
0.05625 1
0.0625 1
0.06875 1
0.075 1
0.08125 1
0.0875 1
0.09375 1
0.1 1
0.10625 1
0.1125 1
0.11875 1
0.125 1
0.13125 1
0.1375 1
0.14375 1
0.15 1
0.15625 1
0.1625 1
0.16875 1
0.175 1
0.18125 1
0.1875 1.00001
0.19375 1.00001
0.2 1.00002
0.20625 1.00003
0.2125 1.00003
0.218749 1.00003
0.224999 1.00001
0.231249 0.999928
0.237499 0.999743
0.24375 0.999369
0.250001 0.998674
0.256256 0.997471
0.262515 0.995505
0.268783 0.992455
0.275065 0.987948
0.281367 0.981592
0.287701 0.97301
0.294076 0.961882
0.300507 0.948005
0.307012 0.931352
0.313606 0.912093
0.320306 0.890533
0.327127 0.866984
0.334083 0.841627
0.34119 0.814471
0.348466 0.785419
0.355935 0.754288
0.363624 0.720843
0.371569 0.684958
0.379823 0.646939
0.388434 0.607787
0.397443 0.569249
0.406882 0.533417
0.416758 0.502608
0.42703 0.479671
0.43761 0.46891
0.448272 0.474949
0.458682 0.49464
0.468597 0.508147
0.478064 0.495397
0.488434 0.454205
0.499628 0.390135
0.512036 0.299532
0.532507 0.354252
0.557742 0.291791
0.57066 0.416685
0.57892 0.390761
0.595277 0.253719
0.617846 0.500243
0.696832 0.449403
0.535597 0.00116992
0.61804 0.536888
0.638475 0.402125
0.652389 0.521718
0.657247 0.44532
0.68724 0.327095
0.711314 0.383284
0.725692 0.300713
0.746367 0.345953
0.759586 0.522421
0.768559 0.538002
0.779928 0.389483
0.800224 0.208569
0.824968 0.180422
0.849996 0.179376
0.875 0.179482
0.9 0.179499
0.925 0.1795
0.95 0.1795
0.975 0.1795
1 0.1795
1.025 0.1795
1.05 0.1795
1.075 0.1795
1.1 0.1795
1.125 0.1795
1.15 0.1795
1.175 0.1795
1.2 0.1795
1.225 0.1795
1.25 0.1795
1.275 0.1795
1.3 0.1795
1.325 0.1795
1.35 0.1795
end.
