begin.
-0.09375 1
-0.0875 1
-0.08125 1
-0.075 1
-0.06875 1
-0.0625 1
-0.05625 1
-0.05 1
-0.04375 1
-0.0375 1
-0.03125 1
-0.025 1
-0.01875 1
-0.0125 1
-0.00625 1
1.21656e-15 1
0.00625 1
0.0125 1
0.01875 1
0.025 1
0.03125 1
0.0375 1
0.04375 1
0.05 1
0.05625 1
0.0625 1
0.06875 1
0.075 1
0.08125 1
0.0875 1
0.09375 1
0.1 1
0.10625 1
0.1125 1
0.11875 1
0.125 1
0.13125 1
0.1375 1
0.14375 1
0.15 1
0.15625 1.00001
0.1625 1.00001
0.16875 1.00001
0.175 1.00002
0.18125 1.00003
0.1875 1.00002
0.193749 1
0.199999 0.999947
0.206249 0.999813
0.2125 0.999541
0.218751 0.999038
0.225004 0.998164
0.231261 0.996731
0.237524 0.994495
0.243797 0.99116
0.250085 0.986395
0.256395 0.979865
0.262738 0.971271
0.269123 0.960383
0.275563 0.947082
0.282072 0.931387
0.288665 0.913478
0.295356 0.893667
0.302158 0.87231
0.30908 0.849683
0.316134 0.825881
0.323332 0.800794
0.330689 0.774164
0.338225 0.74566
0.345966 0.715007
0.353949 0.682211
0.362215 0.647767
0.370802 0.612626
0.379736 0.577971
0.389044 0.545075
0.398742 0.51539
0.408817 0.490886
0.419221 0.474459
0.429827 0.469816
0.440402 0.478577
0.45071 0.494529
0.460613 0.501691
0.470397 0.486816
0.480805 0.449713
0.492088 0.394905
0.504334 0.320184
0.520155 0.249489
0.537549 0.268807
0.553358 0.451443
0.560861 0.529153
0.578712 0.372843
0.597991 0.256863
0.616315 0.423102
0.617995 0.463871
0.711011 0.317431
0.569525 0.0167338
0.6423 0.366533
0.651597 0.34843
0.672979 0.43571
0.689176 0.521901
0.684341 0.573061
0.726966 0.402725
0.738136 0.423084
0.752787 0.306835
0.773451 0.267555
0.790977 0.467263
0.80028 0.549565
0.809884 0.479041
0.826206 0.263463
0.849973 0.184781
0.874987 0.179395
0.899999 0.17945
0.925 0.179496
0.95 0.1795
0.975 0.1795
1 0.1795
1.025 0.1795
1.05 0.1795
1.075 0.1795
1.1 0.1795
1.125 0.1795
1.15 0.1795
1.175 0.1795
1.2 0.1795
1.225 0.1795
1.25 0.1795
1.275 0.1795
1.3 0.1795
1.325 0.1795
1.35 0.1795
end.
