begin.
-0.716341 1.00061
-0.705498 1.00058
-0.637153 0.98694
-0.599822 0.997507
-0.597695 0.995584
-0.595683 1.00106
-0.593722 0.999311
-0.591721 0.999994
-0.589943 0.999904
-0.587825 0.9999
-0.586139 0.999896
-0.583943 0.999899
-0.582313 0.999906
-0.58009 0.999908
-0.578489 0.999899
-0.576246 0.999881
-0.574622 0.999887
-0.572376 0.999914
-0.5708 0.999912
-0.568558 0.999884
-0.566918 0.999881
-0.564712 0.999901
-0.563048 0.999919
-0.56092 0.999915
-0.559183 0.99991
-0.557119 0.999918
-0.555318 0.99994
-0.553341 0.999958
-0.551499 0.999954
-0.549582 0.999942
-0.547668 0.999938
-0.545793 0.999941
-0.54385 0.999936
-0.541986 0.999953
-0.540037 0.999982
-0.538233 0.999992
-0.536272 0.999981
-0.53447 0.999979
-0.532497 0.999972
-0.530709 0.999964
-0.528687 0.999955
-0.526952 0.99993
-0.524856 0.999894
-0.523124 0.999875
-0.520954 0.999884
-0.519287 0.999889
-0.517093 0.99987
-0.515432 0.999846
-0.513175 0.999855
-0.51154 0.999883
-0.50932 0.99989
-0.507695 0.999871
-0.505453 0.99986
-0.503782 0.999873
-0.501611 0.999889
-0.499897 0.999909
-0.497801 0.999922
-0.496042 0.999923
-0.494007 0.999933
-0.492189 0.999952
-0.490252 0.99995
-0.48837 0.999927
-0.48645 0.999932
-0.484517 0.999958
-0.482696 0.999963
-0.480712 0.999941
-0.478911 0.99993
-0.476867 0.999929
-0.475128 0.999924
-0.473009 0.999926
-0.471336 0.999923
-0.469167 0.999918
-0.467519 0.999919
-0.465333 0.999915
-0.463702 0.999909
-0.461482 0.99991
-0.459883 0.999905
-0.45763 0.999907
-0.456043 0.999919
-0.453807 0.999922
-0.452217 0.999921
-0.449981 0.999926
-0.448397 0.999924
-0.446168 0.99992
-0.444551 0.999921
-0.442372 0.999899
-0.440701 0.99988
-0.438492 0.9999
-0.436857 0.999927
-0.434675 0.999919
-0.433049 0.999891
-0.430802 0.999897
-0.4292 0.999936
-0.426977 0.999964
-0.425428 0.99996
-0.423192 0.999946
-0.421626 0.999938
-0.419394 0.99993
-0.41779 0.999934
-0.4156 0.999922
-0.413974 0.999902
-0.411746 0.999905
-0.410137 0.999918
-0.407913 0.999923
-0.406329 0.999907
-0.404076 0.999888
-0.402472 0.999874
-0.400221 0.999867
-0.398574 0.999868
-0.396372 0.999883
-0.39466 0.999927
-0.392601 0.999952
-0.390817 0.999974
-0.388854 0.999991
-0.38705 0.999977
-0.385097 0.999971
-0.38325 0.999971
-0.381349 0.999967
-0.379442 0.99997
-0.377586 0.999971
-0.375667 0.999959
-0.37379 0.999955
-0.371888 0.999949
-0.369984 0.999949
-0.368089 0.99996
-0.366197 0.999969
-0.364307 0.999978
-0.362424 0.999982
-0.360548 0.999976
-0.358647 0.999968
-0.356777 0.999956
-0.354855 0.999947
-0.352976 0.999943
-0.351057 0.999942
-0.349163 0.999948
-0.347263 0.999955
-0.345365 0.999964
-0.343481 0.999972
-0.341588 0.999976
-0.339708 0.999977
-0.337819 0.999975
-0.335934 0.99997
-0.334044 0.999965
-0.332152 0.99996
-0.330258 0.999957
-0.328362 0.999956
-0.326466 0.999956
-0.32457 0.999958
-0.322676 0.999961
-0.320783 0.999964
-0.318892 0.999967
-0.317002 0.99997
-0.315113 0.999971
-0.313224 0.99997
-0.311334 0.999968
-0.309444 0.999964
-0.307551 0.999959
-0.305655 0.999953
-0.303756 0.999947
-0.301856 0.999941
-0.29995 0.999936
-0.298047 0.999932
-0.296133 0.999929
-0.294234 0.999929
-0.292309 0.999929
-0.290429 0.999935
-0.28848 0.999938
-0.28665 0.999948
-0.284641 0.999944
-0.282909 0.999912
-0.280743 0.999885
-0.279088 0.99981
-0.276797 0.99975
-0.275029 0.99971
-0.272854 0.999538
-0.270702 0.999441
-0.268536 0.999262
-0.266105 0.999089
-0.26368 0.999065
-0.261268 0.998967
-0.258685 0.998935
-0.256201 0.998971
-0.253719 0.998913
-0.251118 0.998924
-0.248646 0.998958
-0.246129 0.9989
-0.243539 0.998931
-0.24107 0.998938
-0.238517 0.99889
-0.235939 0.998923
-0.233453 0.998914
-0.230868 0.998875
-0.228296 0.99891
-0.225781 0.998883
-0.223169 0.99886
-0.220596 0.998887
-0.218045 0.998855
-0.215413 0.998843
-0.212832 0.998863
-0.210245 0.998828
-0.207597 0.998828
-0.205002 0.998837
-0.202382 0.998805
-0.199722 0.998811
-0.19711 0.998812
-0.194458 0.998784
-0.191789 0.998796
-0.189157 0.998787
-0.186478 0.998767
-0.183801 0.998779
-0.181146 0.998765
-0.178445 0.998752
-0.17576 0.998762
-0.17308 0.998745
-0.170362 0.99874
-0.167667 0.998745
-0.164963 0.998727
-0.162232 0.998727
-0.159525 0.998728
-0.156797 0.998711
-0.154057 0.998716
-0.151335 0.99871
-0.148587 0.998698
-0.145839 0.998704
-0.1431 0.998694
-0.140334 0.998687
-0.137579 0.998691
-0.134822 0.998679
-0.132043 0.998677
-0.129279 0.998678
-0.126503 0.998667
-0.123715 0.998668
-0.120941 0.998665
-0.118148 0.998656
-0.115353 0.998659
-0.112566 0.998653
-0.109759 0.998648
-0.106959 0.99865
-0.104158 0.998642
-0.101342 0.998642
-0.0985383 0.998643
-0.0957261 0.998637
-0.0929087 0.998641
-0.0901045 0.998641
-0.0872903 0.99864
-0.0844826 0.998648
-0.0816847 0.998647
-0.0788756 0.998646
-0.0760755 0.998649
-0.0732729 0.998643
-0.0704597 0.998644
-0.0676578 0.998646
-0.0648506 0.998633
-0.0620037 0.998456
-0.0587379 0.998144
-0.0550934 0.998154
-0.0519295 0.998392
-0.0488859 0.998242
-0.0452002 0.998019
-0.0416271 0.998289
-0.0387116 0.998494
-0.0355824 0.998203
-0.0318112 0.998049
-0.0283659 0.998349
-0.0254333 0.998448
-0.0221436 0.998165
-0.0184314 0.998142
-0.0151669 0.998391
-0.01212 0.998328
-0.0085912 0.998125
-0.00504648 0.998265
-0.00193609 0.99837
0.00137416 0.998206
0.00494716 0.998209
0.00819391 0.998342
0.0114215 0.998258
0.0149375 0.998196
0.0182885 0.998295
0.0215268 0.998272
0.0249776 0.99821
0.0283553 0.998274
0.0316204 0.998267
0.0350429 0.998218
0.0384216 0.998265
0.0417058 0.998262
0.0451106 0.998231
0.0484607 0.998263
0.051778 0.998239
0.0552028 0.998233
0.058517 0.998265
0.0618594 0.998232
0.0652688 0.998237
0.0685798 0.998242
0.0719842 0.998232
0.0753121 0.998262
0.0786355 0.998228
0.0820624 0.998239
0.0853457 0.998244
0.0887659 0.998212
0.0921219 0.998255
0.0954274 0.998238
0.0988337 0.998246
0.102108 0.998244
0.105537 0.998213
0.108881 0.998241
0.112227 0.998233
0.115604 0.998224
0.118968 0.998226
0.122337 0.998237
0.125666 0.99823
0.129069 0.998242
0.132353 0.998252
0.135732 0.998242
0.139048 0.99825
0.142426 0.998222
0.145788 0.998233
0.149173 0.998223
0.152589 0.998322
0.155788 0.998598
0.159328 1.00121
0.162871 0.182568
0.168946 0.184384
0.172554 0.18449
0.178711 0.18442
0.182244 0.184343
0.188567 0.184267
0.192081 0.184187
0.198239 0.184085
0.201906 0.184003
0.208035 0.183933
0.211619 0.183854
0.217869 0.183776
0.221443 0.183695
0.227629 0.183615
0.231204 0.183535
0.237356 0.183466
0.240852 0.183386
0.247296 0.183298
0.250847 0.183216
0.257099 0.183131
0.260662 0.183048
0.26684 0.182968
0.270387 0.182885
0.276562 0.182811
0.28003 0.182729
0.286491 0.18264
0.290025 0.182559
0.296248 0.18248
0.2998 0.182403
0.305901 0.182342
0.309315 0.182264
0.315975 0.182116
0.319868 0.182038
0.325637 0.182027
0.329112 0.181956
0.335122 0.181874
0.338472 0.181799
0.34544 0.181629
0.349583 0.181549
0.355113 0.181555
0.358719 0.181482
0.364743 0.181434
0.368129 0.18136
0.37395 0.181207
0.377435 0.181135
0.384665 0.181066
0.388574 0.180993
0.394409 0.180984
0.397911 0.180907
0.403913 0.180844
0.407203 0.180763
0.414138 0.180573
0.418241 0.180498
0.423717 0.180538
0.427102 0.180463
0.433499 0.180382
0.436885 0.180304
0.443608 0.180026
0.451114 0.180023
0.456614 0.179982
0.460796 0.179899
0.468048 0.180069
0.471434 0.179982
0.477919 0.179736
0.482359 0.179642
0.487498 0.179497
0.495 0.1795
0.5025 0.1795
0.51 0.1795
0.5175 0.1795
0.525 0.1795
0.5325 0.1795
0.54 0.1795
0.5475 0.1795
0.555 0.1795
0.5625 0.1795
0.57 0.1795
0.5775 0.1795
0.585 0.1795
0.5925 0.1795
end.
