begin.
-0.801128 1.00073
-0.763703 1.00068
-0.922436 0.987094
-0.602761 0.992826
-0.599605 0.990778
-0.597373 1.00334
-0.595295 0.991146
-0.593571 0.997353
-0.591428 0.999926
-0.58977 0.999936
-0.587601 0.999935
-0.585983 0.999921
-0.583756 0.999917
-0.582157 0.999922
-0.579933 0.999923
-0.578336 0.999927
-0.576102 0.99994
-0.574532 0.999929
-0.572305 0.999898
-0.570666 0.999904
-0.568449 0.99994
-0.566871 0.999941
-0.564645 0.999923
-0.563046 0.999912
-0.560816 0.999917
-0.559197 0.999939
-0.557021 0.999939
-0.555392 0.999917
-0.55319 0.999912
-0.551557 0.999914
-0.54937 0.999908
-0.547698 0.999928
-0.545537 0.999984
-0.543938 0.999995
-0.54181 0.999968
-0.540116 0.99996
-0.538065 0.999947
-0.536301 0.999916
-0.534245 0.999929
-0.532436 0.99996
-0.530521 0.999955
-0.528593 0.99991
-0.526752 0.999858
-0.524631 0.999865
-0.522932 0.999869
-0.520722 0.999855
-0.519068 0.999836
-0.516782 0.99986
-0.515193 0.999875
-0.512942 0.999847
-0.511262 0.999844
-0.509052 0.999872
-0.507382 0.999878
-0.50521 0.999876
-0.50346 0.999902
-0.501416 0.99993
-0.499586 0.999946
-0.497674 0.999946
-0.495727 0.999945
-0.493922 0.999952
-0.49188 0.999955
-0.490171 0.99995
-0.488052 0.999937
-0.486384 0.99993
-0.484221 0.999915
-0.482573 0.999894
-0.480356 0.999893
-0.478721 0.999912
-0.476521 0.99992
-0.474898 0.999917
-0.472691 0.999908
-0.471071 0.999904
-0.468834 0.999907
-0.467251 0.999903
-0.464972 0.999912
-0.463426 0.999909
-0.461151 0.999884
-0.459546 0.99988
-0.457299 0.999892
-0.455679 0.99991
-0.453468 0.999921
-0.451847 0.999914
-0.449658 0.9999
-0.447979 0.999913
-0.445827 0.999936
-0.444162 0.999945
-0.442033 0.99995
-0.440356 0.999949
-0.438253 0.999948
-0.436522 0.999951
-0.434495 0.999951
-0.43269 0.999944
-0.430726 0.99995
-0.428842 0.999945
-0.426987 0.99992
-0.42496 0.999895
-0.423198 0.999866
-0.421028 0.999861
-0.41934 0.999882
-0.417138 0.999892
-0.415525 0.999867
-0.413239 0.999859
-0.411634 0.999887
-0.409387 0.99989
-0.407789 0.999872
-0.405498 0.999877
-0.403932 0.999879
-0.401644 0.999868
-0.400026 0.999875
-0.397804 0.999868
-0.396143 0.999855
-0.393912 0.999863
-0.392252 0.999884
-0.39006 0.999879
-0.388401 0.999855
-0.386155 0.999854
-0.384526 0.999864
-0.382261 0.999876
-0.380668 0.999883
-0.378398 0.999884
-0.376812 0.999879
-0.374543 0.999869
-0.372922 0.999866
-0.370686 0.999853
-0.369016 0.999847
-0.366791 0.99983
-0.365112 0.999785
-0.362809 0.999758
-0.361123 0.999698
-0.358784 0.999612
-0.356906 0.999564
-0.354679 0.999381
-0.352393 0.999339
-0.35025 0.999178
-0.34768 0.999067
-0.345363 0.999075
-0.34288 0.998868
-0.340169 0.998968
-0.33786 0.998994
-0.335238 0.998898
-0.332718 0.998961
-0.330245 0.998909
-0.327637 0.998847
-0.325016 0.998936
-0.322601 0.998922
-0.31995 0.998875
-0.317441 0.99894
-0.314933 0.998859
-0.312266 0.998866
-0.30975 0.998916
-0.307203 0.998857
-0.304555 0.998902
-0.302089 0.998921
-0.299497 0.998853
-0.29689 0.998908
-0.294399 0.998889
-0.291775 0.998851
-0.289188 0.998905
-0.286679 0.998864
-0.284022 0.998835
-0.281444 0.998879
-0.278882 0.998805
-0.276167 0.998811
-0.273593 0.998842
-0.270963 0.998781
-0.268255 0.998821
-0.265697 0.998833
-0.263029 0.998774
-0.260348 0.998826
-0.257776 0.998791
-0.255046 0.998751
-0.252374 0.998798
-0.249746 0.998747
-0.246975 0.998742
-0.244324 0.998787
-0.241652 0.998729
-0.23889 0.99876
-0.236262 0.998773
-0.233547 0.998722
-0.230806 0.998759
-0.228164 0.998742
-0.225399 0.998703
-0.222671 0.998746
-0.21999 0.998706
-0.217194 0.998701
-0.214483 0.998733
-0.211765 0.998694
-0.208974 0.998709
-0.206279 0.998726
-0.203532 0.998688
-0.20076 0.998717
-0.198063 0.998709
-0.195287 0.998684
-0.19253 0.998709
-0.189809 0.998686
-0.187009 0.998675
-0.184258 0.998697
-0.181504 0.998667
-0.178696 0.998674
-0.175948 0.998683
-0.173166 0.998658
-0.170364 0.998674
-0.167612 0.998671
-0.164809 0.998654
-0.162019 0.998673
-0.159255 0.998659
-0.156441 0.998654
-0.15366 0.998668
-0.150877 0.99865
-0.14806 0.998654
-0.145281 0.998659
-0.142478 0.998642
-0.139663 0.998653
-0.136879 0.998648
-0.134058 0.998638
-0.13125 0.998649
-0.128453 0.998638
-0.125625 0.998637
-0.122823 0.998646
-0.120015 0.998635
-0.117192 0.998644
-0.114399 0.998648
-0.111588 0.998641
-0.108779 0.998652
-0.105991 0.998648
-0.103176 0.998642
-0.100373 0.99865
-0.0975728 0.99864
-0.0947516 0.998642
-0.0919524 0.998647
-0.0891457 0.99864
-0.0863309 0.998646
-0.0835356 0.998648
-0.0807266 0.998611
-0.0778249 0.998381
-0.0744147 0.998091
-0.0707888 0.998174
-0.0676547 0.998317
-0.0643754 0.998138
-0.060705 0.998149
-0.0575277 0.998412
-0.0545322 0.99828
-0.0508735 0.998026
-0.0472532 0.998277
-0.0443253 0.998512
-0.0412355 0.998237
-0.0374801 0.998059
-0.034018 0.998353
-0.0310818 0.998448
-0.0277647 0.99816
-0.0240353 0.998161
-0.0208046 0.998424
-0.0177714 0.998344
-0.0142304 0.998136
-0.0106913 0.998285
-0.00759313 0.998392
-0.00428906 0.998215
-0.000686384 0.998206
0.00258017 0.998364
0.005764 0.998291
0.00928589 0.998193
0.0126849 0.998311
0.0158707 0.998319
0.0192967 0.998216
0.0227379 0.998281
0.0259651 0.998315
0.0293434 0.99823
0.0327967 0.998261
0.036065 0.998306
0.0394142 0.998245
0.0428484 0.998255
0.0461485 0.998287
0.0495069 0.998247
0.0529109 0.998269
0.0561974 0.998284
0.0595736 0.998234
0.062988 0.998256
0.0662895 0.998273
0.0696689 0.998247
0.0730291 0.998274
0.0763321 0.998262
0.0797338 0.998241
0.083077 0.998254
0.0864498 0.998232
0.0898478 0.998256
0.0931427 0.998258
0.0965499 0.998232
0.0999015 0.998259
0.10323 0.998248
0.106618 0.998264
0.109893 0.998261
0.1133 0.998233
0.116636 0.998262
0.119967 0.998222
0.123422 0.998228
0.126715 0.998258
0.130095 0.99825
0.133405 0.998274
0.136722 0.998242
0.140124 0.998202
0.143552 0.998178
0.147007 0.998224
0.15029 0.998274
0.153626 0.99825
0.156983 0.998207
0.16042 0.998249
0.163652 0.998308
0.16695 0.998239
0.170375 0.998214
0.173727 0.998216
0.177161 0.998214
0.180494 0.998251
0.183834 0.998233
0.187229 0.998247
0.19053 0.99826
0.193879 0.998246
0.197254 0.998262
0.200583 0.998256
0.204112 0.998726
0.207241 1.00191
0.211961 0.183507
0.216068 0.185614
0.221672 0.185777
0.225789 0.185699
0.231555 0.185645
0.2355 0.185563
0.241374 0.185461
0.245457 0.18538
0.250835 0.185277
0.255085 0.185195
0.260576 0.185117
0.264826 0.185042
0.270992 0.185058
0.274655 0.184972
0.280587 0.184815
0.284646 0.184731
0.290125 0.184629
0.294336 0.184549
0.299586 0.184449
0.303986 0.18437
0.310154 0.18436
0.314011 0.184279
0.319119 0.184126
0.323495 0.184037
0.329247 0.183994
0.33329 0.183915
0.339426 0.1839
0.34312 0.183819
0.3488 0.183652
0.353036 0.183573
0.358742 0.183535
0.362667 0.183455
0.36844 0.18336
0.372481 0.183288
0.377694 0.18316
0.382272 0.183085
0.388272 0.18309
0.392138 0.183008
0.397997 0.182929
0.401855 0.18285
0.407609 0.182733
0.411696 0.182657
0.416921 0.182526
0.421617 0.182445
0.427439 0.182452
0.431304 0.182372
0.437 0.182251
0.441162 0.1822
0.445914 0.182073
0.450983 0.181974
0.457402 0.182062
0.460986 0.181987
0.466263 0.181787
0.470598 0.18178
0.474952 0.181672
0.48045 0.181534
0.487013 0.181651
0.4905 0.181577
0.496023 0.181373
0.500152 0.181349
0.504701 0.181219
0.509873 0.181199
0.513957 0.181124
0.519744 0.180947
0.525373 0.180911
0.529617 0.180835
0.535028 0.180748
0.539372 0.18067
0.544935 0.180599
0.549181 0.180522
0.555168 0.180498
0.559058 0.180422
0.565073 0.180364
0.568832 0.180306
0.573404 0.180862
0.575206 0.180832
0.580694 0.180252
0.584903 0.180178
0.589521 0.180207
0.594187 0.179983
end.
