begin.
-0.836482 1.00073
-0.782933 1.00068
-1.03257 0.987094
-0.648111 0.990529
-0.600984 0.974481
-0.597807 1.00133
-0.596281 0.978803
-0.59413 0.996786
-0.59233 0.999921
-0.590345 0.999893
-0.588413 0.999886
-0.586559 0.999862
-0.584461 0.999862
-0.582724 0.999871
-0.580544 0.999884
-0.578899 0.999878
-0.576657 0.999873
-0.575028 0.999889
-0.572792 0.999911
-0.5712 0.999908
-0.568964 0.999887
-0.567325 0.999886
-0.565107 0.999907
-0.563483 0.999903
-0.561285 0.999898
-0.55959 0.999922
-0.557511 0.999925
-0.555731 0.99992
-0.553705 0.999941
-0.5519 0.99996
-0.549945 0.999964
-0.548086 0.999958
-0.546183 0.999946
-0.54427 0.99994
-0.542375 0.999954
-0.540463 0.999968
-0.538603 0.999967
-0.536692 0.999947
-0.534803 0.999924
-0.532854 0.999933
-0.530979 0.999979
-0.529084 0.999998
-0.527248 0.999964
-0.525281 0.99993
-0.523446 0.999919
-0.521445 0.999925
-0.519623 0.999933
-0.517625 0.999943
-0.515814 0.999973
-0.513831 0.999997
-0.512085 0.999984
-0.510049 0.999954
-0.508315 0.999939
-0.506209 0.999947
-0.504528 0.999947
-0.50241 0.999916
-0.500712 0.999881
-0.498538 0.999866
-0.496836 0.999871
-0.494658 0.999877
-0.492977 0.999874
-0.490784 0.999866
-0.489113 0.999853
-0.486876 0.99986
-0.48523 0.999862
-0.483015 0.999836
-0.481317 0.999812
-0.47908 0.999842
-0.477386 0.999879
-0.475261 0.999901
-0.473456 0.999935
-0.471541 0.999931
-0.469566 0.999908
-0.467768 0.999894
-0.465654 0.99989
-0.463969 0.999878
-0.46174 0.999885
-0.460127 0.999906
-0.457895 0.999904
-0.456292 0.999904
-0.454039 0.999912
-0.452472 0.999908
-0.45019 0.999906
-0.44864 0.999896
-0.446356 0.999873
-0.444736 0.999883
-0.442507 0.999899
-0.440895 0.999892
-0.438649 0.999895
-0.437024 0.999903
-0.434841 0.999889
-0.433143 0.999876
-0.430994 0.999883
-0.429242 0.999893
-0.42719 0.999897
-0.425335 0.999904
-0.423414 0.999896
-0.421417 0.999896
-0.419627 0.999894
-0.417508 0.999902
-0.415826 0.999903
-0.413638 0.9999
-0.411989 0.999911
-0.409794 0.999908
-0.408169 0.99988
-0.405917 0.999865
-0.404284 0.999862
-0.402049 0.999855
-0.400358 0.999842
-0.398204 0.9998
-0.396369 0.999748
-0.394272 0.999666
-0.392203 0.999638
-0.390209 0.999509
-0.387921 0.999355
-0.385724 0.999272
-0.38339 0.999145
-0.380971 0.999122
-0.378626 0.999061
-0.376143 0.998979
-0.373624 0.999016
-0.371242 0.998927
-0.368555 0.998904
-0.366125 0.998941
-0.363541 0.998847
-0.360916 0.998937
-0.358492 0.998922
-0.355864 0.998853
-0.353276 0.998927
-0.35081 0.998848
-0.348075 0.998841
-0.345563 0.998933
-0.34305 0.998852
-0.340353 0.998917
-0.33795 0.998885
-0.335227 0.998834
-0.332684 0.998942
-0.330197 0.998846
-0.327452 0.998828
-0.324936 0.998896
-0.322337 0.998839
-0.319706 0.998854
-0.317136 0.998883
-0.314581 0.9988
-0.311832 0.998835
-0.309327 0.998885
-0.306717 0.998784
-0.303994 0.99882
-0.301464 0.998802
-0.298702 0.998751
-0.296061 0.998843
-0.293482 0.99879
-0.290754 0.998768
-0.288112 0.998812
-0.285487 0.998752
-0.282719 0.998784
-0.280144 0.998828
-0.277477 0.998759
-0.274771 0.998797
-0.272166 0.998771
-0.26943 0.998719
-0.2667 0.998773
-0.264073 0.998748
-0.261301 0.99873
-0.258627 0.99879
-0.255979 0.998732
-0.253199 0.998747
-0.25056 0.998778
-0.247863 0.998726
-0.245111 0.998768
-0.242493 0.998765
-0.239747 0.99871
-0.237014 0.998752
-0.234346 0.998703
-0.231528 0.998688
-0.228807 0.99873
-0.226088 0.998685
-0.223274 0.998707
-0.220591 0.99873
-0.217835 0.998676
-0.215043 0.998709
-0.212343 0.998685
-0.209519 0.99865
-0.206732 0.998689
-0.20399 0.998657
-0.201143 0.998654
-0.198387 0.998691
-0.195619 0.998651
-0.192788 0.998672
-0.190051 0.998677
-0.187244 0.99864
-0.184423 0.998663
-0.181663 0.998647
-0.178814 0.998625
-0.176003 0.998656
-0.173217 0.99863
-0.170361 0.998634
-0.167571 0.998655
-0.164767 0.998631
-0.161927 0.998646
-0.15915 0.998651
-0.156327 0.998629
-0.153502 0.998648
-0.150715 0.998634
-0.147869 0.998623
-0.145052 0.998639
-0.142242 0.99862
-0.139387 0.998623
-0.136578 0.998635
-0.133751 0.998618
-0.130907 0.998633
-0.128108 0.998636
-0.125278 0.998628
-0.12246 0.998647
-0.119669 0.998642
-0.116843 0.998639
-0.114043 0.998651
-0.111243 0.998637
-0.108415 0.998641
-0.10562 0.998647
-0.102807 0.998636
-0.0999893 0.998647
-0.0971988 0.998646
-0.094382 0.99864
-0.091575 0.99865
-0.088779 0.998645
-0.0859571 0.998538
-0.0828788 0.998229
-0.0792385 0.998058
-0.0757889 0.998269
-0.0727337 0.998293
-0.0692704 0.998103
-0.0657366 0.998255
-0.0627081 0.998363
-0.0593927 0.998108
-0.0556198 0.998122
-0.0524285 0.99846
-0.0495382 0.998383
-0.0460064 0.998057
-0.0422705 0.998205
-0.0392181 0.998491
-0.0361913 0.9983
-0.0325159 0.998081
-0.0289923 0.998331
-0.0260218 0.998458
-0.0227474 0.998197
-0.0190464 0.998169
-0.0157793 0.9984
-0.0126986 0.998333
-0.00916323 0.998158
-0.00565958 0.998298
-0.00254167 0.998383
0.000787869 0.998222
0.00435812 0.998228
0.00761215 0.998365
0.0108296 0.998286
0.0143436 0.998213
0.0177069 0.998323
0.0209191 0.998304
0.024376 0.998218
0.0277885 0.998298
0.0310166 0.998312
0.0344212 0.998232
0.0378498 0.998278
0.0411133 0.998305
0.0444875 0.998249
0.0478924 0.998276
0.0511808 0.998284
0.054579 0.998238
0.0579789 0.998279
0.0612545 0.998292
0.0646327 0.99825
0.0680114 0.998275
0.0713145 0.998266
0.0747292 0.998235
0.0780998 0.998266
0.0814272 0.998258
0.0848258 0.998256
0.0881438 0.998268
0.0915162 0.998242
0.0948973 0.998273
0.0981775 0.998276
0.101563 0.99825
0.104901 0.998263
0.108251 0.998237
0.111661 0.998245
0.114977 0.998245
0.118395 0.998244
0.121698 0.998291
0.124993 0.998253
0.128412 0.998236
0.131741 0.998214
0.135229 0.998184
0.138625 0.998246
0.141932 0.998274
0.145256 0.99827
0.148583 0.998227
0.152024 0.998239
0.155296 0.998296
0.158588 0.998266
0.161959 0.998198
0.165432 0.998199
0.168774 0.99825
0.172112 0.998235
0.175505 0.998252
0.178784 0.998247
0.182206 0.998239
0.185496 0.99826
0.188868 0.998208
0.192297 0.998206
0.195676 0.99821
0.199088 0.998214
0.202443 0.998268
0.205723 0.998251
0.209151 0.99823
0.212448 0.998272
0.215807 0.998261
0.219166 0.99832
0.22246 0.998676
0.226247 1.00228
0.229774 0.183996
0.235482 0.186215
0.239185 0.186408
0.245279 0.186348
0.248901 0.186268
0.255148 0.186213
0.258672 0.186132
0.265014 0.185987
0.268795 0.185899
0.274543 0.185798
0.278409 0.18572
0.284581 0.185735
0.288057 0.185653
0.294394 0.185506
0.2981 0.18542
0.303622 0.185309
0.307469 0.185232
0.31337 0.185145
0.317251 0.185065
0.324038 0.185167
0.327308 0.185082
0.333568 0.184881
0.337152 0.184794
0.343021 0.184708
0.346596 0.184623
0.352339 0.184451
0.356364 0.184377
0.363024 0.184461
0.3664 0.184382
0.372048 0.184154
0.376017 0.184078
0.38212 0.184068
0.38575 0.183991
0.392374 0.183989
0.395764 0.183912
0.401717 0.1837
0.405629 0.183623
0.411671 0.183626
0.415211 0.183547
0.42133 0.183414
0.425092 0.183332
0.430473 0.183166
0.434838 0.18309
0.441349 0.183182
0.444797 0.1831
0.450944 0.182999
0.454461 0.182921
0.46054 0.182782
0.464287 0.182701
0.469765 0.182536
0.47408 0.182463
0.480519 0.182548
0.483982 0.182468
0.489822 0.182297
0.493681 0.182231
0.498751 0.182065
0.503489 0.181989
0.510149 0.182111
0.513624 0.182037
0.519225 0.181852
0.52316 0.181791
0.528182 0.181648
0.53267 0.181553
0.537893 0.182357
0.539536 0.182487
0.543443 0.181875
0.546456 0.181608
0.550648 0.181743
0.55335 0.18183
0.557289 0.181391
0.56161 0.182083
0.563033 0.182096
0.568416 0.181332
0.572961 0.181279
0.57787 0.181238
0.581114 0.181731
0.583346 0.181565
0.588433 0.180721
0.592812 0.1815
0.595589 0.18093
end.
