begin.
-0.921384 1.00079
-0.829063 1.00059
-1.2969 0.987094
-0.807419 0.990584
-0.93288 0.883925
-0.599296 0.910096
-0.597694 0.918464
-0.596336 0.965071
-0.593794 0.999605
-0.592337 0.999778
-0.589988 0.999894
-0.588436 0.999901
-0.586195 0.999886
-0.584547 0.999873
-0.582334 0.999884
-0.58067 0.999899
-0.578497 0.999901
-0.576831 0.999891
-0.574632 0.999889
-0.572993 0.999883
-0.57074 0.999893
-0.569163 0.999885
-0.56688 0.999858
-0.565288 0.999844
-0.562947 0.999885
-0.561425 0.999925
-0.55914 0.99995
-0.557578 1
-0.555408 1.00002
-0.553859 0.999968
-0.551631 0.99992
-0.550009 0.99994
-0.547815 0.999967
-0.546259 0.999936
-0.543981 0.999927
-0.542406 0.999969
-0.540227 0.999978
-0.53864 0.999944
-0.536415 0.999927
-0.534797 0.999926
-0.532629 0.999892
-0.53093 0.999869
-0.528742 0.999874
-0.527085 0.999854
-0.524832 0.999839
-0.523176 0.999846
-0.520938 0.999851
-0.519289 0.999834
-0.51703 0.999824
-0.515346 0.999824
-0.513152 0.99981
-0.511355 0.999826
-0.509281 0.999836
-0.507401 0.999839
-0.505425 0.999841
-0.503429 0.999857
-0.501616 0.999838
-0.499445 0.999857
-0.497769 0.99988
-0.495558 0.999879
-0.49391 0.999879
-0.491685 0.999868
-0.490053 0.999839
-0.487756 0.999841
-0.486151 0.999843
-0.483873 0.999818
-0.482195 0.999808
-0.479955 0.999802
-0.478246 0.999775
-0.475997 0.999756
-0.474221 0.999744
-0.472051 0.999686
-0.470096 0.999631
-0.467979 0.999494
-0.465757 0.999402
-0.463596 0.999275
-0.461204 0.999126
-0.458804 0.999139
-0.456502 0.999035
-0.45389 0.99904
-0.45159 0.999088
-0.449135 0.998992
-0.446604 0.999081
-0.444343 0.999024
-0.441701 0.998971
-0.439321 0.999006
-0.436808 0.998857
-0.434085 0.998961
-0.431776 0.998925
-0.429018 0.998913
-0.426642 0.998954
-0.424002 0.998892
-0.421489 0.998965
-0.418986 0.998908
-0.416405 0.998899
-0.413856 0.998927
-0.411344 0.998911
-0.408766 0.998883
-0.406206 0.998851
-0.40358 0.998819
-0.400956 0.998801
-0.398291 0.998864
-0.395787 0.998837
-0.393078 0.998811
-0.390505 0.998875
-0.387935 0.998809
-0.385215 0.998853
-0.382729 0.998854
-0.380033 0.998824
-0.377473 0.998871
-0.374875 0.998775
-0.372133 0.998792
-0.369546 0.998845
-0.366929 0.99877
-0.36419 0.998817
-0.36166 0.998826
-0.358955 0.998775
-0.356298 0.99885
-0.353747 0.998759
-0.35092 0.998781
-0.348374 0.998841
-0.3457 0.998754
-0.342981 0.998812
-0.340411 0.998769
-0.337616 0.99874
-0.334963 0.99886
-0.332417 0.998758
-0.329562 0.998752
-0.326977 0.998805
-0.324266 0.998735
-0.321517 0.998815
-0.318963 0.998751
-0.316094 0.998741
-0.313498 0.998808
-0.310782 0.998713
-0.308004 0.998757
-0.305358 0.998785
-0.302669 0.998749
-0.299928 0.998738
-0.297227 0.998761
-0.294559 0.998721
-0.291751 0.998738
-0.289115 0.998708
-0.286268 0.998672
-0.283537 0.998698
-0.280739 0.99864
-0.277914 0.9987
-0.27521 0.998693
-0.272388 0.998643
-0.269577 0.998686
-0.266838 0.998675
-0.264024 0.99864
-0.261203 0.998677
-0.258455 0.998651
-0.255598 0.998662
-0.252852 0.998677
-0.250042 0.998611
-0.247151 0.998657
-0.244424 0.998694
-0.241629 0.998638
-0.238788 0.998667
-0.236039 0.998633
-0.233141 0.998628
-0.230361 0.998677
-0.227581 0.99861
-0.224661 0.998616
-0.221881 0.998655
-0.219049 0.998621
-0.216203 0.998674
-0.213469 0.998638
-0.21057 0.998596
-0.207726 0.998645
-0.204935 0.998609
-0.20202 0.99861
-0.199224 0.998633
-0.196362 0.998565
-0.193426 0.998609
-0.190637 0.998621
-0.187749 0.998599
-0.184902 0.998655
-0.182137 0.998627
-0.17924 0.998605
-0.176423 0.998631
-0.173581 0.998579
-0.17066 0.998609
-0.167864 0.998621
-0.164987 0.998586
-0.16211 0.998624
-0.159313 0.998609
-0.156412 0.998599
-0.153587 0.998647
-0.150789 0.99863
-0.14794 0.998652
-0.145179 0.998651
-0.142342 0.998606
-0.13948 0.998627
-0.13668 0.998613
-0.133796 0.998603
-0.130968 0.99864
-0.128163 0.998616
-0.125293 0.998618
-0.122484 0.99862
-0.119627 0.998586
-0.116742 0.998609
-0.113927 0.998613
-0.111057 0.998598
-0.108211 0.998636
-0.10542 0.99864
-0.102581 0.998518
-0.099467 0.9982
-0.0957696 0.998022
-0.0922662 0.998269
-0.0892569 0.998345
-0.0858731 0.99809
-0.0821637 0.998127
-0.0789385 0.998297
-0.0756891 0.998161
-0.0720277 0.998132
-0.0687609 0.998362
-0.0657163 0.998266
-0.0620698 0.998034
-0.0584344 0.99826
-0.0554671 0.998489
-0.0523509 0.998227
-0.0485784 0.998059
-0.0451203 0.99837
-0.0422019 0.998455
-0.0388498 0.998138
-0.0350562 0.99816
-0.0318498 0.998452
-0.0288318 0.998341
-0.0252166 0.998119
-0.0216606 0.998312
-0.018611 0.998428
-0.0153037 0.99822
-0.0116616 0.998209
-0.00839739 0.998397
-0.00525513 0.998327
-0.00172963 0.998189
0.00173677 0.998316
0.00489023 0.998374
0.00825387 0.998234
0.0117845 0.998266
0.0150188 0.99837
0.0182905 0.998274
0.0218131 0.998244
0.0251205 0.998353
0.0283525 0.998299
0.0318437 0.998235
0.0352137 0.998325
0.0384497 0.998314
0.0418777 0.998258
0.0452455 0.998311
0.0485191 0.998292
0.0519611 0.998245
0.0553458 0.998297
0.0586307 0.998293
0.0620444 0.998261
0.0654031 0.998304
0.0686896 0.998291
0.0720991 0.998263
0.0754474 0.998304
0.0787374 0.998291
0.0821344 0.998264
0.085486 0.998277
0.0888424 0.998255
0.0922544 0.99827
0.0955598 0.998293
0.0989127 0.998265
0.102288 0.998285
0.105585 0.998267
0.10902 0.998215
0.112448 0.998234
0.11582 0.998245
0.119212 0.998285
0.122468 0.998313
0.125799 0.998269
0.129171 0.998265
0.132504 0.99825
0.135916 0.99827
0.139181 0.99829
0.142559 0.998208
0.146051 0.998216
0.149379 0.998276
0.152707 0.998297
0.155982 0.99827
0.159395 0.998222
0.162786 0.998262
0.166081 0.998247
0.169529 0.998211
0.172912 0.998224
0.176313 0.998236
0.179659 0.998261
0.18299 0.998272
0.186307 0.998261
0.189671 0.998232
0.193061 0.998249
0.196373 0.998231
0.199823 0.998218
0.203158 0.998218
0.206616 0.99821
0.209953 0.9983
0.213167 0.998302
0.216525 0.998255
0.219859 0.998229
0.223281 0.998208
0.226663 0.998248
0.229978 0.998202
0.233514 0.998119
0.237037 0.998192
0.240362 0.998272
0.243649 0.998356
0.246772 0.99833
0.250179 0.998235
0.253541 0.998223
0.25697 0.998109
0.26075 0.998209
0.263872 0.998538
0.266926 0.999068
0.270173 1.00293
0.2751 0.184969
0.278562 0.187551
0.284826 0.187882
0.288097 0.187804
0.294444 0.18749
0.298622 0.187412
0.304543 0.187533
0.307863 0.187443
0.314549 0.18738
0.317833 0.187294
0.323643 0.187123
0.327144 0.18705
0.333599 0.186921
0.33728 0.186836
0.343335 0.186868
0.346668 0.186788
0.353496 0.186733
0.356783 0.18665
0.362766 0.186337
0.366972 0.186254
0.372816 0.186359
0.37618 0.186272
0.383122 0.186189
0.386464 0.186097
0.392612 0.186008
0.395969 0.185927
0.40181 0.185712
0.405634 0.185636
0.412232 0.185753
0.415529 0.185676
0.421798 0.185477
0.425331 0.185394
0.431101 0.185204
0.435132 0.185131
0.440153 0.185233
0.443334 0.185165
0.447959 0.185614
0.45019 0.185598
0.454357 0.185115
0.457615 0.185028
0.461689 0.184829
0.465622 0.184965
0.468709 0.184797
0.473792 0.18533
0.475619 0.185362
0.480315 0.184768
0.483604 0.184732
0.487809 0.185408
0.486959 0.185572
0.492494 0.184558
0.499273 0.184581
0.50294 0.184497
0.495895 0.1844
0.512889 0.18378
0.506273 0.1842
0.517219 0.185009
0.518308 0.185008
0.523287 0.183556
0.527721 0.184138
0.529178 0.184327
0.532345 0.183614
0.535417 0.183226
0.539744 0.184095
0.540873 0.184441
0.547059 0.183702
0.545015 0.183653
0.550483 0.183289
0.558365 0.183501
0.555429 0.183676
0.564875 0.183884
0.562238 0.183694
0.567943 0.183562
0.577739 0.183869
0.574526 0.18404
0.586803 0.183981
0.572441 0.183516
0.580921 0.182755
0.588567 0.183348
0.591963 0.183962
0.596422 0.182568
end.
