begin.
-0.09375 1
-0.0875 1
-0.08125 1
-0.075 1
-0.06875 1
-0.0625 1
-0.05625 1
-0.05 1
-0.04375 1
-0.0375 1
-0.03125 1
-0.025 1
-0.01875 1
-0.0125 1
-0.00625 1
130.108 80330.2
-277.847 -2.83953e+07
82.1418 -3.31358e+06
1728.29 -721912
79595.3 2.32356e+12
-186555 5.41446e+12
144.175 874100
5712.93 2.3641e+09
221.546 -1.30074e+07
3.86584 -37278.4
-95.9451 -7.86182e+06
-3.36792 -210398
35.99 7.85404e+07
5.64949 -41234.7
-12.5997 478706
14.3304 552811
-44.9721 1.20998e+07
-1144.69 2.30985e+08
211.862 9.07609e+06
221.348 2.96762e+07
206.077 7.83463e+06
196.99 -545721
127.121 -3.84703e+06
45.9406 6.24858e+06
230.957 -2.28138e+06
41.9826 -3.18204e+06
6.59077 3.99787e+06
-244.317 -9.68146e+07
147.568 3.72784e+06
-2.66625 -96752.7
181.859 -2.30376e+06
93.5223 -449881
208.275 1.58993e+07
141.461 -2.41529e+07
3828.29 -2.11222e+10
-1264.77 -8.7527e+06
18.8737 -28367
-94.1004 1.02207e+07
-6051.26 1.2595e+08
-45.6691 1.03359e+06
-156.023 -4.41962e+06
-211.728 1.64583e+07
-209.825 1.24481e+07
-26.1079 -1.45681e+06
-50.7348 2.95249e+06
1415.77 -3.10002e+06
75.2522 -6.14157e+06
-5.61214 -1.54345e+06
40.2041 -4.30587e+06
84.7312 4.10372e+07
-6.51221 -2.06475e+06
426.089 -5.60271e+08
-9.74675 -872223
-100.482 1.92665e+06
7.07393 325475
1.60057 110107
1.57895 -1.69079e+06
-1716.74 6.01608e+07
219.9 2.73536e+07
-17.899 135369
59.4005 232939
7.38727 832458
-52.7596 -8228.34
217.205 9.21382e+06
-26.0152 1244.42
141.386 41107.8
-23.8877 -94681.2
-75.6087 766745
-101.973 -1.72757e+06
37.5815 -42122.9
63.035 1.66453e+06
1238.9 3.75375e+06
-59.9133 -47689.2
66.8044 1.17137e+06
-112.574 1.64831e+06
61.9983 -460311
-57.9774 -4.32472e+06
-64.2629 -1.46887e+06
-102.447 -2.2374e+06
7.37632 -210049
-53.0394 -22995.6
17.6594 -150726
-56.7192 -21141.5
-8.60954 10891.2
176.718 -4.96626e+06
75.3334 -2.16471e+06
-92.5484 -1.91505e+06
-10.4064 -393748
11.5263 8.85905e+06
-105.116 1.8942e+06
26.6504 -157528
13.948 1751.4
33.6217 2.05307e+06
-53.5017 -181143
2.80799 1.34971e+07
-56.8486 -3.15774e+06
50.5954 -148161
-19.3108 17209.4
-13.7204 578807
-1599.82 1.17021e+09
1 0.1795
1.025 0.1795
1.05 0.1795
1.075 0.1795
1.1 0.1795
1.125 0.1795
1.15 0.1795
1.175 0.1795
1.2 0.1795
1.225 0.1795
1.25 0.1795
1.275 0.1795
1.3 0.1795
1.325 0.1795
1.35 0.1795
end.
