begin.
-0.09375 1
-0.0875 1
-0.08125 1
-0.075 1
-0.06875 1
-0.0625 1
-0.05625 1
-0.05 1
-0.04375 1
-0.0375 1
-0.03125 1
-0.025 1
-0.01875 1
-0.0125 1
-0.00625 1
-1.23941e-15 1
0.00625 1
0.0125 1
0.01875 1
0.025 1
0.03125 1
0.0375 1
0.04375 1
0.05 1
0.05625 1
0.0625 1
0.06875 1
0.075 1
0.08125 1
0.0875 1
0.09375 1
0.1 1
0.10625 1
0.1125 1
0.11875 1
0.125 1
0.13125 1
0.1375 1
0.14375 1.00001
0.15 1.00001
0.15625 1.00001
0.1625 1.00002
0.16875 1.00002
0.175 1.00002
0.181249 0.999995
0.187499 0.999931
0.193749 0.999789
0.2 0.999509
0.206251 0.999
0.212505 0.99813
0.218762 0.996719
0.225025 0.994536
0.231298 0.991307
0.237586 0.986723
0.243895 0.980471
0.250234 0.972264
0.256614 0.961885
0.263047 0.94923
0.269545 0.934328
0.276122 0.917335
0.282791 0.898513
0.289564 0.878193
0.296452 0.856713
0.303464 0.834305
0.310609 0.810952
0.317897 0.78635
0.325343 0.76004
0.332974 0.73168
0.340822 0.701279
0.348918 0.669205
0.357295 0.636051
0.365983 0.602499
0.375012 0.569496
0.384411 0.538387
0.394185 0.510887
0.404309 0.488838
0.414717 0.47439
0.4253 0.47032
0.435867 0.477908
0.446176 0.491862
0.456168 0.499689
0.46604 0.488625
0.476242 0.452336
0.487452 0.397623
0.500199 0.3438
0.513556 0.281674
0.530728 0.232468
0.548854 0.408043
0.558829 0.505176
0.563084 0.483594
0.585756 0.424346
0.605458 0.339357
0.624687 0.368568
0.619425 0.46602
0.714751 0.479599
0.585465 0.0091488
0.651201 0.359256
0.661064 0.443291
0.674912 0.434261
0.708464 0.425269
0.687324 0.338033
0.73037 0.381063
0.745385 0.379547
0.758857 0.355159
0.77574 0.263954
0.79685 0.327767
0.810767 0.516282
0.819679 0.541613
0.830678 0.405352
0.850331 0.215139
0.874967 0.180871
0.899994 0.17937
0.925 0.179477
0.95 0.179499
0.975 0.1795
1 0.1795
1.025 0.1795
1.05 0.1795
1.075 0.1795
1.1 0.1795
1.125 0.1795
1.15 0.1795
1.175 0.1795
1.2 0.1795
1.225 0.1795
1.25 0.1795
1.275 0.1795
1.3 0.1795
1.325 0.1795
1.35 0.1795
end.
