begin.
-0.09375 1
-0.0875 1
-0.08125 1
-0.075 1
-0.06875 1
-0.0625 1
-0.05625 1
-0.05 1
-0.04375 1
-0.0375 1
-0.03125 1
-0.025 1
-0.01875 1
-0.0125 1
-0.00625 1
4.87936e-19 1
0.00625 1
0.0125 1
0.01875 1
0.025 1
0.03125 1
0.0375 1
0.04375 1
0.05 1
0.05625 1
0.0625 1
0.06875 1
0.075 1
0.08125 1
0.0875 1
0.09375 1
0.1 1
0.10625 1
0.1125 1
0.11875 1
0.125 1
0.13125 1
0.1375 1
0.14375 1
0.15 1
0.15625 1
0.1625 1
0.16875 1
0.175 1
0.18125 1
0.1875 1
0.19375 1
0.2 1
0.20625 1
0.2125 1
0.21875 1
0.225 1
0.23125 1
0.2375 1
0.24375 1
0.25 1
0.25625 1
0.2625 1
0.26875 1
0.275 1
0.28125 1
0.2875 1
0.29375 1
0.3 1
0.30625 1
0.3125 1
0.31875 1
0.325 1.00001
0.33125 1.00001
0.3375 1.00003
0.34375 1.00006
0.35 1.0001
0.356249 1.00015
0.362499 1.0002
0.368748 1.00014
0.374996 0.999792
0.381243 0.998845
0.387494 0.996888
0.393756 0.993254
0.400032 0.986787
0.406326 0.975848
0.41266 0.958867
0.419092 0.935094
0.425686 0.904536
0.432453 0.866337
0.439392 0.817844
0.446603 0.755616
0.454359 0.678325
0.462944 0.593742
0.472424 0.518647
0.483105 0.479092
0.493843 0.504517
0.505854 0.520153
0.525841 0.261274
0.546144 0.247177
0.508464 0.0272167
0.568975 0.182982
0.594365 0.448037
0.600912 0.575771
0.610952 0.516049
0.626127 0.280761
0.649959 0.184377
0.674993 0.179338
0.7 0.179473
0.725 0.1795
0.75 0.1795
0.775 0.1795
0.8 0.1795
0.825 0.1795
0.85 0.1795
0.875 0.1795
0.9 0.1795
0.925 0.1795
0.95 0.1795
0.975 0.1795
1 0.1795
1.025 0.1795
1.05 0.1795
1.075 0.1795
1.1 0.1795
1.125 0.1795
1.15 0.1795
1.175 0.1795
1.2 0.1795
1.225 0.1795
1.25 0.1795
1.275 0.1795
1.3 0.1795
1.325 0.1795
1.35 0.1795
end.
