begin.
-0.63188 1.00061
-0.601703 1.00277
-0.598539 1.00446
-0.597041 1.00318
-0.594758 1.00095
-0.593199 0.999995
-0.590939 0.99993
-0.589373 0.999938
-0.587144 0.999933
-0.585553 0.999926
-0.583326 0.999928
-0.581737 0.999931
-0.579509 0.999942
-0.577922 0.99996
-0.575728 0.999966
-0.574145 0.99995
-0.571933 0.999934
-0.570334 0.99992
-0.568117 0.999906
-0.566491 0.999893
-0.564269 0.999895
-0.562632 0.999892
-0.560447 0.999876
-0.558729 0.999874
-0.556605 0.999888
-0.554839 0.999906
-0.552802 0.999922
-0.550967 0.999939
-0.549041 0.999948
-0.54712 0.999952
-0.545288 0.999958
-0.543289 0.999958
-0.541536 0.999958
-0.539467 0.999949
-0.53777 0.999938
-0.535632 0.999926
-0.533974 0.999919
-0.531783 0.999922
-0.530168 0.999924
-0.527949 0.999927
-0.526355 0.999925
-0.524135 0.999911
-0.522517 0.999907
-0.520294 0.999912
-0.518694 0.999914
-0.516445 0.999929
-0.514886 0.999931
-0.512637 0.99992
-0.511051 0.999914
-0.508821 0.999912
-0.507199 0.999919
-0.505011 0.999918
-0.503363 0.999907
-0.501188 0.99989
-0.499505 0.999889
-0.497324 0.999905
-0.495669 0.999934
-0.493488 0.999949
-0.491913 0.999922
-0.489642 0.999908
-0.488082 0.999904
-0.485817 0.99991
-0.484193 0.999946
-0.482071 0.999951
-0.48036 0.999941
-0.478295 0.999939
-0.476536 0.99993
-0.474498 0.999934
-0.472695 0.999948
-0.470726 0.99996
-0.468879 0.999973
-0.466969 0.999986
-0.465103 0.999993
-0.463219 0.999998
-0.461348 0.999997
-0.459469 0.999994
-0.457592 0.999989
-0.45571 0.999985
-0.453828 0.999981
-0.451943 0.999979
-0.450059 0.999979
-0.448173 0.99998
-0.446289 0.999982
-0.444406 0.999984
-0.442524 0.999986
-0.440643 0.999989
-0.438763 0.999991
-0.436885 0.999993
-0.435007 0.999995
-0.43313 0.999996
-0.431253 0.999997
-0.429377 0.999998
-0.427501 0.999999
-0.425626 0.999999
-0.423751 0.999999
-0.421875 1
-0.42 1
-0.418125 1
-0.41625 1
-0.414375 1
-0.4125 1
-0.410625 1
-0.40875 1
-0.406875 1
-0.405 1
-0.403125 1
-0.40125 1
-0.399375 1
-0.3975 1
-0.395625 1
-0.39375 1
-0.391875 1
-0.39 1
-0.388125 1
-0.38625 1
-0.384375 1
-0.3825 1
-0.380625 1
-0.37875 1
-0.376875 1
-0.375 1
-0.373125 1
-0.37125 1
-0.369375 1
-0.3675 1
-0.365625 1
-0.36375 1
-0.361875 1
-0.36 1
-0.358125 1
-0.35625 1
-0.354375 1
-0.3525 1
-0.350625 1
-0.34875 1
-0.346875 1
-0.345 1
-0.343125 1
-0.34125 1
-0.339375 1
-0.3375 1
-0.335625 1
-0.33375 1
-0.331875 1
-0.33 1
-0.328125 1
-0.32625 1
-0.324375 1
-0.3225 1
-0.320625 1
-0.31875 1
-0.316875 1
-0.315 1
-0.313125 1
-0.31125 1
-0.309375 1
-0.3075 1
-0.305625 1
-0.30375 1
-0.301875 1
-0.3 1
-0.298125 1
-0.29625 1
-0.294375 1
-0.2925 1
-0.290625 1
-0.28875 1
-0.286875 1
-0.285 1
-0.283125 1
-0.28125 1
-0.279375 1
-0.2775 1
-0.275625 1
-0.27375 1
-0.271875 1
-0.27 1
-0.268125 1
-0.26625 1
-0.264375 1
-0.2625 1
-0.260625 1
-0.25875 1
-0.256875 1
-0.255 1
-0.253125 1
-0.25125 1
-0.249375 1
-0.2475 1
-0.245625 1
-0.24375 1
-0.241875 1
-0.24 1
-0.238125 1
-0.23625 1
-0.234375 1
-0.2325 1
-0.230625 1
-0.22875 1
-0.226875 1
-0.225 1
-0.223125 1
-0.22125 1
-0.219375 1
-0.2175 1
-0.215625 1
-0.21375 1
-0.211875 1
-0.21 1
-0.208125 1
-0.20625 1
-0.204375 1
-0.2025 1
-0.200625 1
-0.19875 1
-0.196875 1
-0.195 1
-0.193125 1
-0.19125 1
-0.189375 1
-0.1875 1
-0.185625 1
-0.18375 1
-0.181875 1
-0.18 1
-0.178125 1
-0.17625 1
-0.174375 1
-0.1725 1
-0.170625 1
-0.16875 0.999999
-0.166874 0.999998
-0.164998 0.999996
-0.163121 0.999994
-0.161242 0.999991
-0.159362 0.999986
-0.157479 0.999981
-0.155594 0.999975
-0.153704 0.999968
-0.151813 0.99996
-0.149914 0.99995
-0.148018 0.999941
-0.146104 0.99993
-0.144207 0.999918
-0.142269 0.999903
-0.140371 0.999863
-0.13839 0.99978
-0.136402 0.999636
-0.134263 0.999433
-0.132004 0.999243
-0.129635 0.999094
-0.127178 0.999001
-0.124682 0.998959
-0.122168 0.99893
-0.119627 0.998911
-0.117081 0.998903
-0.114528 0.998886
-0.111952 0.998873
-0.109373 0.998864
-0.106781 0.998845
-0.104167 0.998832
-0.10155 0.998822
-0.098918 0.998804
-0.0962653 0.998793
-0.0936108 0.998782
-0.0909384 0.998765
-0.0882502 0.998757
-0.0855607 0.998746
-0.0828513 0.998732
-0.0801317 0.998726
-0.0774098 0.998714
-0.0746669 0.998703
-0.0719202 0.998699
-0.0691677 0.998686
-0.0663958 0.998679
-0.0636253 0.998674
-0.060844 0.998662
-0.0580485 0.998658
-0.0552574 0.998653
-0.0524513 0.998644
-0.0496402 0.998644
-0.0468346 0.99864
-0.0440156 0.998639
-0.0412063 0.998646
-0.0384027 0.998645
-0.0355929 0.998635
-0.0327465 0.998434
-0.0294109 0.998085
-0.0256319 0.998091
-0.0224058 0.998443
-0.0195548 0.998446
-0.0162132 0.998107
-0.012455 0.998107
-0.00921023 0.998383
-0.00618388 0.998322
-0.00268032 0.998114
0.000850271 0.998232
0.00399775 0.998321
0.00733253 0.99818
0.0108669 0.9982
0.0141113 0.998291
0.0174111 0.99821
0.0208904 0.998215
0.0241504 0.998267
0.0275034 0.998203
0.0309322 0.998233
0.0341986 0.998233
0.0376407 0.998204
0.040966 0.998246
0.0443008 0.998219
0.0477133 0.998237
0.0509833 0.998236
0.0544152 0.998224
0.0577116 0.998243
0.0611209 0.998222
0.064441 0.998249
0.0678122 0.998256
0.0711525 0.998252
0.0745997 0.998529
0.0775927 0.999613
0.0827268 0.180782
0.0861939 0.182012
0.0925444 0.182023
0.0959909 0.181945
0.102278 0.181855
0.105763 0.181775
0.112165 0.181713
0.115595 0.181634
0.122062 0.181577
0.125429 0.181495
0.13156 0.181358
0.135104 0.181281
0.141314 0.181185
0.144919 0.181108
0.151665 0.181142
0.154955 0.181059
0.161196 0.18093
0.164593 0.180851
0.17036 0.180648
0.174235 0.180574
0.180789 0.180611
0.184219 0.18053
0.190866 0.180497
0.19419 0.180415
0.199896 0.180193
0.203694 0.180121
0.211115 0.180017
0.21619 0.179944
0.220771 0.179855
0.227901 0.180072
0.23116 0.17999
0.237132 0.179869
0.240347 0.179779
0.2475 0.1795
0.255 0.1795
0.2625 0.1795
0.27 0.1795
0.2775 0.1795
0.285 0.1795
0.2925 0.1795
0.3 0.1795
0.3075 0.1795
0.315 0.1795
0.3225 0.1795
0.33 0.1795
0.3375 0.1795
0.345 0.1795
0.3525 0.1795
0.36 0.1795
0.3675 0.1795
0.375 0.1795
0.3825 0.1795
0.39 0.1795
0.3975 0.1795
0.405 0.1795
0.4125 0.1795
0.42 0.1795
0.4275 0.1795
0.435 0.1795
0.4425 0.1795
0.45 0.1795
0.4575 0.1795
0.465 0.1795
0.4725 0.1795
0.48 0.1795
0.4875 0.1795
0.495 0.1795
0.5025 0.1795
0.51 0.1795
0.5175 0.1795
0.525 0.1795
0.5325 0.1795
0.54 0.1795
0.5475 0.1795
0.555 0.1795
0.5625 0.1795
0.57 0.1795
0.5775 0.1795
0.585 0.1795
0.5925 0.1795
end.
