begin.
-0.09375 1
-0.0875 1
-0.08125 1
-0.075 1
-0.06875 1
-0.0625 1
-0.05625 1
-0.05 1
-0.04375 1
-0.0375 1
-0.03125 1
-0.025 1
-0.01875 1
-0.0125 1
-0.00625 1
1.35104e-15 1
0.00625 1
0.0125 1
0.01875 1
0.025 1
0.03125 1
0.0375 1
0.04375 1
0.05 1
0.05625 1
0.0625 1
0.06875 1
0.075 1
0.08125 1
0.0875 1
0.09375 1
0.1 1
0.10625 1
0.1125 1
0.11875 1
0.125 1
0.13125 1
0.1375 1
0.14375 1
0.15 1
0.15625 1.00001
0.1625 1.00001
0.16875 1.00002
0.175 1.00002
0.18125 1.00003
0.1875 1.00002
0.193749 0.999986
0.199999 0.999901
0.206249 0.99972
0.2125 0.999367
0.218752 0.998734
0.225007 0.997664
0.231266 0.995949
0.237532 0.993326
0.24381 0.989487
0.250106 0.9841
0.256428 0.976841
0.262785 0.96744
0.269189 0.955713
0.275653 0.941595
0.282192 0.925161
0.288818 0.906638
0.295547 0.886367
0.30239 0.864706
0.309356 0.841895
0.316456 0.817945
0.323702 0.792654
0.331111 0.765716
0.338706 0.73683
0.346515 0.705834
0.354573 0.672845
0.362922 0.638427
0.371597 0.603546
0.380625 0.569451
0.390029 0.537499
0.399819 0.509224
0.409971 0.486572
0.420428 0.47248
0.431047 0.470504
0.441585 0.481273
0.451824 0.496888
0.461682 0.500869
0.471503 0.481092
0.482066 0.439484
0.493635 0.384311
0.506076 0.311593
0.522216 0.241781
0.540032 0.289737
0.554581 0.461106
0.561163 0.513231
0.579897 0.381581
0.59971 0.270343
0.617759 0.43959
0.618176 0.486238
0.711764 0.333763
0.572691 0.0132496
0.644421 0.362386
0.653422 0.36395
0.673548 0.411797
0.692779 0.461254
0.684934 0.52402
0.727828 0.392368
0.739566 0.418705
0.753813 0.31645
0.773924 0.257241
0.792461 0.440365
0.802485 0.548
0.811643 0.501102
0.826772 0.288161
0.84999 0.187563
0.874984 0.179466
0.899999 0.179436
0.925 0.179494
0.95 0.1795
0.975 0.1795
1 0.1795
1.025 0.1795
1.05 0.1795
1.075 0.1795
1.1 0.1795
1.125 0.1795
1.15 0.1795
1.175 0.1795
1.2 0.1795
1.225 0.1795
1.25 0.1795
1.275 0.1795
1.3 0.1795
1.325 0.1795
1.35 0.1795
end.
