begin.
-0.09375 1
-0.0875 1
-0.08125 1
-0.075 1
-0.06875 1
-0.0625 1
-0.05625 1
-0.05 1
-0.04375 1
-0.0375 1
-0.03125 1
-0.025 1
-0.01875 1
-0.0125 1
-0.00625 1
5.1712e-20 1
0.00625 1
0.0125 1
0.01875 1
0.025 1
0.03125 1
0.0375 1
0.04375 1
0.05 1
0.05625 1
0.0625 1
0.06875 1
0.075 1
0.08125 1
0.0875 1
0.09375 1
0.1 1
0.10625 1
0.1125 1
0.11875 1
0.125 1
0.13125 1
0.1375 1
0.14375 1
0.15 1
0.15625 1
0.1625 1
0.16875 1
0.175 1
0.18125 1
0.1875 1
0.19375 1.00001
0.2 1.00001
0.20625 1.00002
0.2125 1.00003
0.21875 1.00003
0.225 1.00004
0.231249 1.00002
0.237499 0.999963
0.243749 0.999812
0.249999 0.999493
0.256251 0.998882
0.262504 0.997797
0.268762 0.995987
0.275028 0.993136
0.281306 0.988867
0.287604 0.982762
0.293931 0.974403
0.300299 0.963438
0.306723 0.949653
0.313219 0.933007
0.319804 0.913615
0.326495 0.891696
0.333309 0.867525
0.340264 0.841376
0.347376 0.813391
0.354662 0.783453
0.362143 0.751151
0.369854 0.716108
0.377846 0.678471
0.386171 0.639061
0.394864 0.5991
0.403965 0.560085
0.413517 0.523893
0.423527 0.493479
0.433951 0.47331
0.444622 0.469243
0.45522 0.483289
0.465404 0.50311
0.474997 0.508223
0.48495 0.487632
0.495087 0.429451
0.506835 0.354719
0.5253 0.377387
0.555556 0.27117
0.56832 0.461679
0.575279 0.453668
0.589076 0.283845
0.616739 0.442065
0.691923 0.52052
0.526763 0.00191614
0.611741 0.441431
0.634775 0.484517
0.644742 0.555285
0.6521 0.420891
0.688063 0.447035
0.706345 0.387496
0.724003 0.274261
0.74318 0.42981
0.753352 0.547562
0.76249 0.509119
0.777035 0.300423
0.799996 0.188929
0.824983 0.179491
0.849999 0.179431
0.875 0.179494
0.9 0.1795
0.925 0.1795
0.95 0.1795
0.975 0.1795
1 0.1795
1.025 0.1795
1.05 0.1795
1.075 0.1795
1.1 0.1795
1.125 0.1795
1.15 0.1795
1.175 0.1795
1.2 0.1795
1.225 0.1795
1.25 0.1795
1.275 0.1795
1.3 0.1795
1.325 0.1795
1.35 0.1795
end.
