begin.
-0.09375 1
-0.0875 1
-0.08125 1
-0.075 1
-0.06875 1
-0.0625 1
-0.05625 1
-0.05 1
-0.04375 1
-0.0375 1
-0.03125 1
-0.025 1
-0.01875 1
-0.0125 1
-0.00625 1
1.05006e-18 1
0.00625 1
0.0125 1
0.01875 1
0.025 1
0.03125 1
0.0375 1
0.04375 1
0.05 1
0.05625 1
0.0625 1
0.06875 1
0.075 1
0.08125 1
0.0875 1
0.09375 1
0.1 1
0.10625 1
0.1125 1
0.11875 1
0.125 1
0.13125 1
0.1375 1
0.14375 1
0.15 1
0.15625 1
0.1625 1
0.16875 1
0.175 1
0.18125 1
0.1875 1
0.19375 1
0.2 1.00001
0.20625 1.00001
0.2125 1.00002
0.21875 1.00003
0.225 1.00004
0.23125 1.00004
0.237499 1.00002
0.243749 0.999951
0.249999 0.999781
0.256249 0.99942
0.262501 0.998734
0.268755 0.997523
0.275014 0.995521
0.281282 0.992387
0.287563 0.987713
0.293866 0.98106
0.300201 0.972012
0.306581 0.960248
0.313022 0.945579
0.31954 0.927965
0.326151 0.907508
0.332876 0.884468
0.339733 0.859208
0.34674 0.832006
0.35391 0.80282
0.361261 0.771264
0.368827 0.736928
0.376656 0.69988
0.384795 0.660767
0.393282 0.620417
0.402157 0.579828
0.41148 0.540676
0.421287 0.50595
0.431557 0.480182
0.44216 0.468973
0.452819 0.476258
0.463199 0.496181
0.472987 0.511136
0.48277 0.503254
0.492417 0.455868
0.503704 0.40169
0.520639 0.401501
0.55296 0.254041
0.566405 0.467161
0.573335 0.470627
0.585561 0.318969
0.616239 0.422264
0.688566 0.546723
0.521401 0.00367514
0.606714 0.376877
0.63171 0.519948
0.639775 0.554559
0.650302 0.360349
0.687291 0.510957
0.703503 0.385403
0.722966 0.283687
0.740259 0.48263
0.74895 0.551911
0.758957 0.465758
0.775924 0.251213
0.799965 0.18347
0.82499 0.179364
0.849999 0.17946
0.875 0.179498
0.9 0.1795
0.925 0.1795
0.95 0.1795
0.975 0.1795
1 0.1795
1.025 0.1795
1.05 0.1795
1.075 0.1795
1.1 0.1795
1.125 0.1795
1.15 0.1795
1.175 0.1795
1.2 0.1795
1.225 0.1795
1.25 0.1795
1.275 0.1795
1.3 0.1795
1.325 0.1795
1.35 0.1795
end.
