begin.
-0.09375 1
-0.0875 1
-0.08125 1
-0.075 1
-0.06875 1
-0.0625 1
-0.05625 1
-0.05 1
-0.04375 1
-0.0375 1
-0.03125 1
-0.025 1
-0.01875 1
-0.0125 1
-0.00625 1
1.67294e-18 1
0.00625 1
0.0125 1
0.01875 1
0.025 1
0.03125 1
0.0375 1
0.04375 1
0.05 1
0.05625 1
0.0625 1
0.06875 1
0.075 1
0.08125 1
0.0875 1
0.09375 1
0.1 1
0.10625 1
0.1125 1
0.11875 1
0.125 1
0.13125 1
0.1375 1
0.14375 1
0.15 1
0.15625 1
0.1625 1
0.16875 1
0.175 1
0.18125 1
0.1875 1
0.19375 1
0.2 1
0.20625 1
0.2125 1
0.21875 1
0.225 1
0.23125 1
0.2375 1
0.24375 1
0.25 1
0.25625 1
0.2625 1
0.26875 1
0.275 1
0.28125 1
0.2875 1
0.29375 1
0.3 1
0.30625 1
0.3125 1
0.31875 1
0.325 1
0.33125 1
0.3375 1
0.34375 1
0.35 1
0.35625 1
0.3625 1
0.36875 1
0.375 1
0.38125 1
0.3875 1
0.39375 1
0.4 1
0.40625 0.999999
0.4125 1
0.41875 1.00001
0.425 1.00002
0.43125 1.00006
0.4375 1.00014
0.443749 1.00049
0.449998 1.00152
0.456247 1.00314
0.462499 1.00361
0.468713 0.996674
0.474864 0.972537
0.481062 0.935008
0.487604 0.901392
0.494462 0.895479
0.503846 0.0941554
0.525232 0.200284
0.550001 0.180398
0.575 0.179503
0.6 0.1795
0.625 0.1795
0.65 0.1795
0.675 0.1795
0.7 0.1795
0.725 0.1795
0.75 0.1795
0.775 0.1795
0.8 0.1795
0.825 0.1795
0.85 0.1795
0.875 0.1795
0.9 0.1795
0.925 0.1795
0.95 0.1795
0.975 0.1795
1 0.1795
1.025 0.1795
1.05 0.1795
1.075 0.1795
1.1 0.1795
1.125 0.1795
1.15 0.1795
1.175 0.1795
1.2 0.1795
1.225 0.1795
1.25 0.1795
1.275 0.1795
1.3 0.1795
1.325 0.1795
1.35 0.1795
end.
