begin.
-0.09375 1
-0.0875 1
-0.08125 1
-0.075 1
-0.06875 1
-0.0625 1
-0.05625 1
-0.05 1
-0.04375 1
-0.0375 1
-0.03125 1
-0.025 1
-0.01875 1
-0.0125 1
-0.00625 1
3.01723e-16 1
0.00625 1
0.0125 1
0.01875 1
0.025 1
0.03125 1
0.0375 1
0.04375 1
0.05 1
0.05625 1
0.0625 1
0.06875 1
0.075 1
0.08125 1
0.0875 1
0.09375 1
0.1 1
0.10625 1
0.1125 1
0.11875 1
0.125 1
0.13125 1
0.1375 1
0.14375 1
0.15 1
0.15625 1
0.1625 1
0.16875 1.00001
0.175 1.00001
0.18125 1.00001
0.1875 1.00002
0.19375 1.00003
0.2 1.00003
0.206249 1.00001
0.212499 0.999963
0.218749 0.999838
0.224999 0.999576
0.231251 0.999081
0.237504 0.998206
0.24376 0.996752
0.250023 0.994459
0.256296 0.991015
0.262584 0.986065
0.268896 0.979244
0.275241 0.970221
0.28163 0.958753
0.288079 0.944732
0.294601 0.928201
0.301212 0.909332
0.307925 0.888405
0.314757 0.865762
0.32172 0.841708
0.328826 0.816338
0.336086 0.789427
0.343517 0.760522
0.351152 0.729268
0.359029 0.695753
0.367186 0.660516
0.375656 0.624259
0.384473 0.587743
0.39368 0.552218
0.40331 0.51972
0.413353 0.49307
0.423742 0.475447
0.434335 0.470238
0.444919 0.478747
0.455206 0.49451
0.465121 0.503449
0.474966 0.491309
0.485028 0.447133
0.496408 0.373524
0.510285 0.308143
0.524892 0.241613
0.54564 0.395767
0.559261 0.49921
0.574428 0.339219
0.588636 0.258508
0.608016 0.321053
0.618551 0.442592
0.705905 0.315232
0.554297 0.0161809
0.630751 0.449186
0.644231 0.302103
0.66663 0.490069
0.673756 0.563207
0.682756 0.445548
0.721056 0.41551
0.731468 0.394175
0.749428 0.267089
0.769313 0.377991
0.781749 0.544577
0.789639 0.535526
0.803141 0.336394
0.82506 0.195227
0.849976 0.179749
0.874997 0.179407
0.9 0.17949
0.925 0.1795
0.95 0.1795
0.975 0.1795
1 0.1795
1.025 0.1795
1.05 0.1795
1.075 0.1795
1.1 0.1795
1.125 0.1795
1.15 0.1795
1.175 0.1795
1.2 0.1795
1.225 0.1795
1.25 0.1795
1.275 0.1795
1.3 0.1795
1.325 0.1795
1.35 0.1795
end.
