begin.
-0.09375 1
-0.0875 1
-0.08125 1
-0.075 1
-0.06875 1
-0.0625 1
-0.05625 1
-0.05 1
-0.04375 1
-0.0375 1
-0.03125 1
-0.025 1
-0.01875 1
-0.0125 1
-0.00625 1
5.25943e-18 1
0.00625 1
0.0125 1
0.01875 1
0.025 1
0.03125 1
0.0375 1
0.04375 1
0.05 1
0.05625 1
0.0625 1
0.06875 1
0.075 1
0.08125 1
0.0875 1
0.09375 1
0.1 1
0.10625 1
0.1125 1
0.11875 1
0.125 1
0.13125 1
0.1375 1
0.14375 1
0.15 1
0.15625 1
0.1625 1
0.16875 1
0.175 1
0.18125 1
0.1875 1
0.19375 1
0.2 1
0.20625 1
0.2125 1
0.21875 1
0.225 1
0.23125 1
0.2375 1
0.24375 1
0.25 1
0.25625 1
0.2625 1
0.26875 1
0.275 1
0.28125 1
0.2875 1
0.29375 1
0.3 1
0.30625 1
0.3125 1
0.31875 1
0.325 1
0.33125 1
0.3375 1
0.34375 1.00001
0.35 1.00002
0.35625 1.00006
0.3625 1.0001
0.368749 1.00016
0.374998 1.0002
0.381247 1.0002
0.387496 1.00003
0.393746 0.999345
0.399994 0.997432
0.406243 0.993355
0.412507 0.986218
0.418819 0.975118
0.425193 0.958473
0.431619 0.933222
0.438133 0.895747
0.444875 0.844192
0.452047 0.781319
0.459779 0.712646
0.467851 0.639354
0.476648 0.553858
0.486488 0.455553
0.499065 0.422594
0.514239 0.540287
0.52726 0.372863
0.514838 0.0337289
0.570149 0.280825
0.586061 0.588643
0.589242 0.621035
0.603162 0.371896
0.625003 0.195301
0.649987 0.179512
0.675 0.179447
0.7 0.179498
0.725 0.1795
0.75 0.1795
0.775 0.1795
0.8 0.1795
0.825 0.1795
0.85 0.1795
0.875 0.1795
0.9 0.1795
0.925 0.1795
0.95 0.1795
0.975 0.1795
1 0.1795
1.025 0.1795
1.05 0.1795
1.075 0.1795
1.1 0.1795
1.125 0.1795
1.15 0.1795
1.175 0.1795
1.2 0.1795
1.225 0.1795
1.25 0.1795
1.275 0.1795
1.3 0.1795
1.325 0.1795
1.35 0.1795
end.
